% eps/RT, phi_nDA1.5, phi_nDA2.0, phi_nDA3.0, phi_nDA4.0
0.0000	0.000000	0.000000	0.000000	0.000000
0.0080	0.034048	0.002560	0.000012	0.000000
0.0160	0.048135	0.005120	0.000049	0.000000
0.0240	0.058928	0.007680	0.000111	0.000001
0.0320	0.068010	0.010239	0.000197	0.000003
0.0400	0.075994	0.012797	0.000307	0.000007
0.0480	0.083194	0.015355	0.000442	0.000011
0.0560	0.089798	0.017912	0.000602	0.000018
0.0640	0.095926	0.020467	0.000786	0.000027
0.0720	0.101665	0.023022	0.000995	0.000038
0.0800	0.107074	0.025575	0.001229	0.000052
0.0880	0.112202	0.028126	0.001487	0.000070
0.0960	0.117083	0.030676	0.001769	0.000091
0.1040	0.121747	0.033224	0.002077	0.000115
0.1120	0.126217	0.035769	0.002408	0.000144
0.1200	0.130512	0.038313	0.002764	0.000177
0.1280	0.134648	0.040854	0.003145	0.000215
0.1360	0.138639	0.043393	0.003551	0.000258
0.1440	0.142496	0.045929	0.003981	0.000306
0.1520	0.146230	0.048462	0.004435	0.000360
0.1600	0.149849	0.050993	0.004914	0.000419
0.1680	0.153361	0.053520	0.005417	0.000486
0.1760	0.156773	0.056044	0.005945	0.000558
0.1840	0.160090	0.058564	0.006498	0.000638
0.1920	0.163318	0.061081	0.007075	0.000725
0.2000	0.166462	0.063594	0.007676	0.000819
0.2080	0.169526	0.066103	0.008302	0.000921
0.2160	0.172514	0.068609	0.008952	0.001032
0.2240	0.175429	0.071110	0.009627	0.001151
0.2320	0.178276	0.073606	0.010326	0.001279
0.2400	0.181056	0.076098	0.011049	0.001415
0.2480	0.183774	0.078586	0.011797	0.001562
0.2560	0.186430	0.081069	0.012569	0.001718
0.2640	0.189028	0.083546	0.013366	0.001884
0.2720	0.191569	0.086019	0.014187	0.002060
0.2800	0.194056	0.088486	0.015032	0.002248
0.2880	0.196491	0.090948	0.015901	0.002446
0.2960	0.198874	0.093405	0.016794	0.002655
0.3040	0.201209	0.095856	0.017712	0.002876
0.3120	0.203496	0.098301	0.018654	0.003109
0.3200	0.205737	0.100740	0.019620	0.003355
0.3280	0.207933	0.103173	0.020610	0.003612
0.3360	0.210086	0.105599	0.021623	0.003883
0.3440	0.212197	0.108019	0.022661	0.004167
0.3520	0.214266	0.110433	0.023723	0.004464
0.3600	0.216295	0.112840	0.024809	0.004776
0.3680	0.218285	0.115240	0.025919	0.005101
0.3760	0.220236	0.117633	0.027052	0.005441
0.3840	0.222151	0.120019	0.028209	0.005795
0.3920	0.224029	0.122398	0.029390	0.006164
0.4000	0.225872	0.124769	0.030594	0.006549
0.4080	0.227679	0.127133	0.031822	0.006950
0.4160	0.229453	0.129489	0.033074	0.007366
0.4240	0.231194	0.131838	0.034349	0.007799
0.4320	0.232901	0.134178	0.035647	0.008248
0.4400	0.234577	0.136511	0.036969	0.008714
0.4480	0.236222	0.138835	0.038314	0.009198
0.4560	0.237836	0.141150	0.039682	0.009699
0.4640	0.239420	0.143458	0.041073	0.010217
0.4720	0.240974	0.145756	0.042488	0.010754
0.4800	0.242499	0.148046	0.043925	0.011309
0.4880	0.243995	0.150327	0.045385	0.011883
0.4960	0.245464	0.152599	0.046868	0.012476
0.5040	0.246905	0.154862	0.048373	0.013088
0.5120	0.248319	0.157116	0.049901	0.013720
0.5200	0.249706	0.159360	0.051452	0.014371
0.5280	0.251068	0.161595	0.053025	0.015043
0.5360	0.252403	0.163820	0.054620	0.015735
0.5440	0.253713	0.166036	0.056237	0.016448
0.5520	0.254998	0.168241	0.057877	0.017182
0.5600	0.256258	0.170437	0.059538	0.017938
0.5680	0.257495	0.172622	0.061222	0.018715
0.5760	0.258707	0.174797	0.062927	0.019514
0.5840	0.259896	0.176962	0.064653	0.020335
0.5920	0.261061	0.179116	0.066402	0.021179
0.6000	0.262204	0.181260	0.068171	0.022045
0.6080	0.263324	0.183393	0.069962	0.022935
0.6160	0.264422	0.185515	0.071774	0.023847
0.6240	0.265499	0.187627	0.073607	0.024784
0.6320	0.266553	0.189727	0.075460	0.025744
0.6400	0.267586	0.191816	0.077335	0.026729
0.6480	0.268598	0.193894	0.079230	0.027737
0.6560	0.269589	0.195960	0.081145	0.028771
0.6640	0.270560	0.198015	0.083081	0.029829
0.6720	0.271511	0.200058	0.085036	0.030913
0.6800	0.272441	0.202090	0.087012	0.032022
0.6880	0.273352	0.204110	0.089007	0.033157
0.6960	0.274243	0.206117	0.091022	0.034318
0.7040	0.275115	0.208113	0.093057	0.035505
0.7120	0.275968	0.210097	0.095111	0.036718
0.7200	0.276802	0.212069	0.097183	0.037959
0.7280	0.277618	0.214028	0.099275	0.039226
0.7360	0.278415	0.215975	0.101385	0.040520
0.7440	0.279194	0.217909	0.103514	0.041842
0.7520	0.279955	0.219831	0.105662	0.043191
0.7600	0.280698	0.221740	0.107827	0.044569
0.7680	0.281424	0.223636	0.110010	0.045974
0.7760	0.282132	0.225520	0.112211	0.047408
0.7840	0.282823	0.227390	0.114430	0.048871
0.7920	0.283498	0.229248	0.116666	0.050362
0.8000	0.284155	0.231092	0.118919	0.051882
0.8080	0.284796	0.232923	0.121189	0.053431
0.8160	0.285421	0.234740	0.123475	0.055010
0.8240	0.286029	0.236545	0.125778	0.056618
0.8320	0.286621	0.238336	0.128097	0.058256
0.8400	0.287198	0.240113	0.130432	0.059924
0.8480	0.287758	0.241876	0.132783	0.061622
0.8560	0.288304	0.243626	0.135150	0.063351
0.8640	0.288833	0.245362	0.137531	0.065110
0.8720	0.289348	0.247085	0.139928	0.066899
0.8800	0.289848	0.248793	0.142339	0.068720
0.8880	0.290332	0.250487	0.144765	0.070571
0.8960	0.290802	0.252167	0.147205	0.072453
0.9040	0.291257	0.253833	0.149659	0.074367
0.9120	0.291698	0.255485	0.152127	0.076312
0.9200	0.292125	0.257123	0.154609	0.078289
0.9280	0.292537	0.258746	0.157103	0.080297
0.9360	0.292936	0.260354	0.159610	0.082337
0.9440	0.293320	0.261948	0.162130	0.084409
0.9520	0.293691	0.263528	0.164662	0.086512
0.9600	0.294048	0.265093	0.167206	0.088648
0.9680	0.294392	0.266643	0.169762	0.090816
0.9760	0.294723	0.268179	0.172329	0.093017
0.9840	0.295040	0.269699	0.174908	0.095249
0.9920	0.295345	0.271205	0.177497	0.097514
1.0000	0.295636	0.272696	0.180097	0.099812
1.0080	0.295915	0.274172	0.182707	0.102142
1.0160	0.296181	0.275633	0.185327	0.104504
1.0240	0.296434	0.277079	0.187956	0.106899
1.0320	0.296676	0.278510	0.190595	0.109327
1.0400	0.296904	0.279925	0.193242	0.111788
1.0480	0.297121	0.281326	0.195899	0.114281
1.0560	0.297326	0.282711	0.198563	0.116806
1.0640	0.297519	0.284081	0.201235	0.119365
1.0720	0.297699	0.285435	0.203915	0.121956
1.0800	0.297869	0.286774	0.206602	0.124579
1.0880	0.298026	0.288098	0.209296	0.127235
1.0960	0.298173	0.289406	0.211997	0.129924
1.1040	0.298308	0.290699	0.214704	0.132645
1.1120	0.298431	0.291976	0.217416	0.135399
1.1200	0.298544	0.293238	0.220134	0.138185
1.1280	0.298646	0.294484	0.222857	0.141003
1.1360	0.298736	0.295714	0.225585	0.143853
1.1440	0.298816	0.296929	0.228317	0.146736
1.1520	0.298885	0.298128	0.231054	0.149650
1.1600	0.298944	0.299311	0.233793	0.152596
1.1680	0.298992	0.300478	0.236537	0.155574
1.1760	0.299030	0.301630	0.239282	0.158583
1.1840	0.299058	0.302766	0.242031	0.161624
1.1920	0.299075	0.303886	0.244781	0.164696
1.2000	0.299082	0.304990	0.247534	0.167799
1.2080	0.299080	0.306079	0.250287	0.170933
1.2160	0.299067	0.307151	0.253042	0.174097
1.2240	0.299045	0.308208	0.255797	0.177292
1.2320	0.299013	0.309249	0.258552	0.180517
1.2400	0.298972	0.310273	0.261307	0.183772
1.2480	0.298921	0.311282	0.264061	0.187057
1.2560	0.298860	0.312275	0.266814	0.190371
1.2640	0.298791	0.313252	0.269565	0.193714
1.2720	0.298712	0.314213	0.272315	0.197086
1.2800	0.298624	0.315158	0.275062	0.200487
1.2880	0.298527	0.316087	0.277807	0.203915
1.2960	0.298421	0.317000	0.280548	0.207372
1.3040	0.298306	0.317897	0.283286	0.210856
1.3120	0.298183	0.318778	0.286020	0.214367
1.3200	0.298051	0.319643	0.288750	0.217905
1.3280	0.297910	0.320493	0.291475	0.221470
1.3360	0.297761	0.321326	0.294194	0.225060
1.3440	0.297604	0.322143	0.296908	0.228677
1.3520	0.297438	0.322944	0.299616	0.232318
1.3600	0.297264	0.323729	0.302317	0.235984
1.3680	0.297082	0.324498	0.305011	0.239674
1.3760	0.296891	0.325252	0.307698	0.243388
1.3840	0.296693	0.325989	0.310377	0.247125
1.3920	0.296487	0.326710	0.313048	0.250885
1.4000	0.296273	0.327416	0.315710	0.254667
1.4080	0.296052	0.328105	0.318363	0.258471
1.4160	0.295823	0.328779	0.321006	0.262297
1.4240	0.295586	0.329437	0.323640	0.266143
1.4320	0.295342	0.330079	0.326263	0.270008
1.4400	0.295090	0.330705	0.328875	0.273894
1.4480	0.294831	0.331315	0.331476	0.277798
1.4560	0.294565	0.331909	0.334066	0.281721
1.4640	0.294291	0.332488	0.336643	0.285661
1.4720	0.294011	0.333051	0.339207	0.289618
1.4800	0.293724	0.333598	0.341759	0.293591
1.4880	0.293429	0.334129	0.344297	0.297580
1.4960	0.293128	0.334645	0.346821	0.301584
1.5040	0.292820	0.335145	0.349331	0.305602
1.5120	0.292505	0.335630	0.351826	0.309633
1.5200	0.292184	0.336099	0.354306	0.313678
1.5280	0.291856	0.336552	0.356770	0.317734
1.5360	0.291521	0.336990	0.359218	0.321802
1.5440	0.291181	0.337412	0.361650	0.325879
1.5520	0.290833	0.337819	0.364065	0.329967
1.5600	0.290480	0.338210	0.366463	0.334063
1.5680	0.290120	0.338586	0.368842	0.338168
1.5760	0.289754	0.338947	0.371204	0.342279
1.5840	0.289382	0.339293	0.373547	0.346397
1.5920	0.289005	0.339623	0.375871	0.350520
1.6000	0.288621	0.339938	0.378176	0.354648
1.6080	0.288231	0.340237	0.380460	0.358779
1.6160	0.287836	0.340522	0.382725	0.362913
1.6240	0.287434	0.340791	0.384969	0.367049
1.6320	0.287028	0.341046	0.387191	0.371186
1.6400	0.286615	0.341285	0.389392	0.375323
1.6480	0.286197	0.341510	0.391572	0.379458
1.6560	0.285774	0.341719	0.393729	0.383592
1.6640	0.285345	0.341914	0.395863	0.387723
1.6720	0.284911	0.342094	0.397974	0.391849
1.6800	0.284471	0.342259	0.400062	0.395971
1.6880	0.284027	0.342410	0.402125	0.400086
1.6960	0.283577	0.342545	0.404165	0.404194
1.7040	0.283122	0.342667	0.406180	0.408295
1.7120	0.282662	0.342773	0.408169	0.412385
1.7200	0.282197	0.342866	0.410134	0.416466
1.7280	0.281728	0.342943	0.412072	0.420535
1.7360	0.281253	0.343007	0.413985	0.424592
1.7440	0.280774	0.343056	0.415871	0.428635
1.7520	0.280290	0.343091	0.417729	0.432664
1.7600	0.279801	0.343112	0.419561	0.436677
1.7680	0.279308	0.343118	0.421365	0.440672
1.7760	0.278810	0.343111	0.423141	0.444650
1.7840	0.278308	0.343090	0.424889	0.448609
1.7920	0.277801	0.343054	0.426608	0.452547
1.8000	0.277290	0.343005	0.428299	0.456463
1.8080	0.276775	0.342942	0.429960	0.460357
1.8160	0.276255	0.342865	0.431591	0.464227
1.8240	0.275732	0.342775	0.433192	0.468072
1.8320	0.275204	0.342671	0.434763	0.471891
1.8400	0.274672	0.342554	0.436304	0.475682
1.8480	0.274136	0.342423	0.437813	0.479444
1.8560	0.273596	0.342278	0.439291	0.483177
1.8640	0.273052	0.342121	0.440738	0.486878
1.8720	0.272504	0.341950	0.442153	0.490548
1.8800	0.271953	0.341766	0.443536	0.494184
1.8880	0.271398	0.341569	0.444887	0.497785
1.8960	0.270839	0.341359	0.446205	0.501350
1.9040	0.270276	0.341136	0.447490	0.504878
1.9120	0.269710	0.340900	0.448742	0.508368
1.9200	0.269140	0.340651	0.449961	0.511818
1.9280	0.268567	0.340390	0.451146	0.515228
1.9360	0.267991	0.340116	0.452297	0.518595
1.9440	0.267411	0.339830	0.453414	0.521920
1.9520	0.266827	0.339531	0.454497	0.525200
1.9600	0.266241	0.339219	0.455545	0.528434
1.9680	0.265651	0.338896	0.456558	0.531622
1.9760	0.265058	0.338560	0.457536	0.534761
1.9840	0.264462	0.338212	0.458479	0.537851
1.9920	0.263863	0.337852	0.459387	0.540891
2.0000	0.263260	0.337480	0.460259	0.543880
2.0080	0.262655	0.337096	0.461095	0.546815
2.0160	0.262047	0.336700	0.461896	0.549697
2.0240	0.261436	0.336293	0.462660	0.552524
2.0320	0.260822	0.335874	0.463388	0.555294
2.0400	0.260206	0.335443	0.464080	0.558007
2.0480	0.259586	0.335001	0.464735	0.560662
2.0560	0.258964	0.334548	0.465353	0.563257
2.0640	0.258339	0.334083	0.465935	0.565791
2.0720	0.257712	0.333607	0.466479	0.568263
2.0800	0.257082	0.333120	0.466987	0.570673
2.0880	0.256450	0.332622	0.467457	0.573019
2.0960	0.255815	0.332113	0.467890	0.575299
2.1040	0.255177	0.331593	0.468286	0.577514
2.1120	0.254538	0.331062	0.468644	0.579661
2.1200	0.253896	0.330521	0.468965	0.581740
2.1280	0.253251	0.329969	0.469248	0.583751
2.1360	0.252605	0.329407	0.469493	0.585691
2.1440	0.251956	0.328834	0.469701	0.587560
2.1520	0.251305	0.328251	0.469871	0.589358
2.1600	0.250652	0.327658	0.470003	0.591082
2.1680	0.249996	0.327055	0.470097	0.592733
2.1760	0.249339	0.326441	0.470154	0.594309
2.1840	0.248680	0.325818	0.470173	0.595810
2.1920	0.248019	0.325185	0.470154	0.597235
2.2000	0.247356	0.324542	0.470097	0.598582
2.2080	0.246691	0.323890	0.470002	0.599852
2.2160	0.246024	0.323228	0.469869	0.601043
2.2240	0.245355	0.322556	0.469699	0.602154
2.2320	0.244685	0.321875	0.469490	0.603186
2.2400	0.244013	0.321185	0.469245	0.604137
2.2480	0.243339	0.320486	0.468961	0.605006
2.2560	0.242664	0.319778	0.468640	0.605794
2.2640	0.241987	0.319060	0.468281	0.606499
2.2720	0.241308	0.318334	0.467885	0.607121
2.2800	0.240628	0.317599	0.467452	0.607660
2.2880	0.239946	0.316855	0.466981	0.608114
2.2960	0.239263	0.316103	0.466473	0.608484
2.3040	0.238579	0.315342	0.465928	0.608768
2.3120	0.237893	0.314573	0.465346	0.608967
2.3200	0.237206	0.313796	0.464727	0.609080
2.3280	0.236517	0.313010	0.464072	0.609108
2.3360	0.235827	0.312216	0.463380	0.609048
2.3440	0.235136	0.311414	0.462652	0.608902
2.3520	0.234444	0.310604	0.461887	0.608669
2.3600	0.233751	0.309787	0.461087	0.608349
2.3680	0.233056	0.308961	0.460250	0.607941
2.3760	0.232361	0.308128	0.459378	0.607446
2.3840	0.231664	0.307288	0.458470	0.606863
2.3920	0.230966	0.306440	0.457527	0.606193
2.4000	0.230268	0.305585	0.456549	0.605434
2.4080	0.229568	0.304722	0.455536	0.604589
2.4160	0.228867	0.303853	0.454489	0.603655
2.4240	0.228166	0.302976	0.453407	0.602634
2.4320	0.227464	0.302092	0.452290	0.601526
2.4400	0.226760	0.301202	0.451140	0.600330
2.4480	0.226056	0.300305	0.449956	0.599047
2.4560	0.225352	0.299401	0.448738	0.597678
2.4640	0.224646	0.298490	0.447487	0.596222
2.4720	0.223940	0.297573	0.446204	0.594679
2.4800	0.223233	0.296650	0.444887	0.593051
2.4880	0.222526	0.295720	0.443539	0.591337
2.4960	0.221818	0.294785	0.442158	0.589538
2.5040	0.221109	0.293843	0.440745	0.587655
2.5120	0.220400	0.292895	0.439301	0.585687
2.5200	0.219690	0.291941	0.437826	0.583636
2.5280	0.218980	0.290982	0.436319	0.581502
2.5360	0.218269	0.290017	0.434783	0.579285
2.5440	0.217558	0.289046	0.433216	0.576987
2.5520	0.216846	0.288070	0.431619	0.574607
2.5600	0.216134	0.287088	0.429993	0.572148
2.5680	0.215422	0.286101	0.428337	0.569608
2.5760	0.214709	0.285109	0.426653	0.566990
2.5840	0.213997	0.284112	0.424940	0.564294
2.5920	0.213283	0.283110	0.423199	0.561521
2.6000	0.212570	0.282102	0.421430	0.558672
2.6080	0.211856	0.281090	0.419634	0.555748
2.6160	0.211143	0.280073	0.417811	0.552749
2.6240	0.210429	0.279052	0.415961	0.549677
2.6320	0.209715	0.278026	0.414086	0.546533
2.6400	0.209000	0.276996	0.412184	0.543318
2.6480	0.208286	0.275961	0.410257	0.540033
2.6560	0.207572	0.274922	0.408305	0.536679
2.6640	0.206857	0.273878	0.406328	0.533258
2.6720	0.206143	0.272831	0.404327	0.529770
2.6800	0.205429	0.271780	0.402302	0.526217
2.6880	0.204714	0.270724	0.400254	0.522600
2.6960	0.204000	0.269665	0.398183	0.518920
2.7040	0.203286	0.268602	0.396090	0.515179
2.7120	0.202572	0.267536	0.393974	0.511378
2.7200	0.201858	0.266466	0.391837	0.507518
2.7280	0.201144	0.265392	0.389678	0.503601
2.7360	0.200431	0.264316	0.387499	0.499629
2.7440	0.199718	0.263236	0.385300	0.495602
2.7520	0.199004	0.262152	0.383080	0.491522
2.7600	0.198292	0.261066	0.380842	0.487391
2.7680	0.197579	0.259977	0.378584	0.483210
2.7760	0.196867	0.258884	0.376308	0.478981
2.7840	0.196155	0.257789	0.374014	0.474705
2.7920	0.195443	0.256691	0.371702	0.470383
2.8000	0.194732	0.255591	0.369373	0.466019
2.8080	0.194021	0.254488	0.367027	0.461612
2.8160	0.193311	0.253382	0.364665	0.457165
2.8240	0.192601	0.252274	0.362288	0.452679
2.8320	0.191891	0.251164	0.359895	0.448156
2.8400	0.191182	0.250051	0.357487	0.443598
2.8480	0.190474	0.248937	0.355065	0.439006
2.8560	0.189766	0.247820	0.352630	0.434382
2.8640	0.189058	0.246701	0.350181	0.429728
2.8720	0.188351	0.245581	0.347719	0.425045
2.8800	0.187645	0.244458	0.345244	0.420335
2.8880	0.186939	0.243334	0.342758	0.415600
2.8960	0.186234	0.242208	0.340260	0.410842
2.9040	0.185529	0.241081	0.337751	0.406061
2.9120	0.184825	0.239952	0.335232	0.401261
2.9200	0.184122	0.238822	0.332703	0.396442
2.9280	0.183419	0.237690	0.330164	0.391607
2.9360	0.182718	0.236557	0.327616	0.386757
2.9440	0.182016	0.235423	0.325059	0.381893
2.9520	0.181316	0.234288	0.322494	0.377019
2.9600	0.180616	0.233152	0.319922	0.372134
2.9680	0.179917	0.232015	0.317342	0.367242
2.9760	0.179219	0.230877	0.314756	0.362343
2.9840	0.178522	0.229739	0.312163	0.357439
2.9920	0.177826	0.228599	0.309565	0.352533
3.0000	0.177130	0.227459	0.306961	0.347625
3.0080	0.176435	0.226319	0.304352	0.342717
3.0160	0.175741	0.225177	0.301739	0.337812
3.0240	0.175048	0.224036	0.299122	0.332910
3.0320	0.174356	0.222894	0.296502	0.328014
3.0400	0.173665	0.221752	0.293878	0.323124
3.0480	0.172975	0.220610	0.291252	0.318243
3.0560	0.172285	0.219467	0.288624	0.313371
3.0640	0.171597	0.218325	0.285994	0.308512
3.0720	0.170910	0.217182	0.283363	0.303665
3.0800	0.170223	0.216040	0.280731	0.298833
3.0880	0.169538	0.214898	0.278098	0.294017
3.0960	0.168854	0.213756	0.275466	0.289219
3.1040	0.168171	0.212614	0.272834	0.284440
3.1120	0.167488	0.211473	0.270203	0.279681
3.1200	0.166807	0.210332	0.267574	0.274944
3.1280	0.166127	0.209192	0.264946	0.270230
3.1360	0.165448	0.208052	0.262321	0.265541
3.1440	0.164770	0.206913	0.259698	0.260877
3.1520	0.164094	0.205774	0.257078	0.256241
3.1600	0.163418	0.204636	0.254462	0.251633
3.1680	0.162743	0.203499	0.251850	0.247054
3.1760	0.162070	0.202363	0.249241	0.242507
3.1840	0.161398	0.201228	0.246638	0.237991
3.1920	0.160727	0.200094	0.244039	0.233508
3.2000	0.160057	0.198961	0.241446	0.229060
3.2080	0.159389	0.197829	0.238858	0.224647
3.2160	0.158722	0.196698	0.236277	0.220270
3.2240	0.158056	0.195569	0.233702	0.215931
3.2320	0.157391	0.194441	0.231135	0.211630
3.2400	0.156727	0.193314	0.228574	0.207368
3.2480	0.156065	0.192189	0.226021	0.203147
3.2560	0.155404	0.191065	0.223476	0.198966
3.2640	0.154744	0.189942	0.220939	0.194828
3.2720	0.154086	0.188822	0.218411	0.190732
3.2800	0.153429	0.187702	0.215892	0.186679
3.2880	0.152773	0.186585	0.213382	0.182671
3.2960	0.152118	0.185469	0.210882	0.178708
3.3040	0.151465	0.184355	0.208392	0.174790
3.3120	0.150813	0.183243	0.205912	0.170918
3.3200	0.150163	0.182133	0.203443	0.167093
3.3280	0.149514	0.181025	0.200984	0.163316
3.3360	0.148866	0.179919	0.198537	0.159586
3.3440	0.148220	0.178815	0.196101	0.155905
3.3520	0.147575	0.177713	0.193677	0.152273
3.3600	0.146932	0.176613	0.191265	0.148689
3.3680	0.146290	0.175516	0.188866	0.145156
3.3760	0.145649	0.174421	0.186478	0.141672
3.3840	0.145010	0.173328	0.184104	0.138239
3.3920	0.144373	0.172237	0.181743	0.134856
3.4000	0.143736	0.171149	0.179395	0.131524
3.4080	0.143102	0.170063	0.177061	0.128244
3.4160	0.142468	0.168980	0.174740	0.125014
3.4240	0.141836	0.167899	0.172434	0.121836
3.4320	0.141206	0.166821	0.170142	0.118709
3.4400	0.140577	0.165746	0.167864	0.115634
3.4480	0.139950	0.164673	0.165601	0.112610
3.4560	0.139324	0.163603	0.163353	0.109638
3.4640	0.138700	0.162535	0.161120	0.106718
3.4720	0.138077	0.161471	0.158902	0.103850
3.4800	0.137456	0.160409	0.156700	0.101032
3.4880	0.136836	0.159350	0.154513	0.098267
3.4960	0.136218	0.158294	0.152343	0.095553
3.5040	0.135602	0.157241	0.150188	0.092889
3.5120	0.134987	0.156191	0.148049	0.090277
3.5200	0.134373	0.155144	0.145927	0.087716
3.5280	0.133761	0.154100	0.143822	0.085205
3.5360	0.133151	0.153060	0.141733	0.082745
3.5440	0.132542	0.152022	0.139660	0.080335
3.5520	0.131935	0.150987	0.137605	0.077974
3.5600	0.131330	0.149956	0.135567	0.075663
3.5680	0.130726	0.148928	0.133546	0.073401
3.5760	0.130124	0.147903	0.131542	0.071188
3.5840	0.129523	0.146882	0.129555	0.069023
3.5920	0.128924	0.145864	0.127586	0.066906
3.6000	0.128327	0.144849	0.125635	0.064837
3.6080	0.127731	0.143838	0.123701	0.062814
3.6160	0.127137	0.142830	0.121785	0.060838
3.6240	0.126544	0.141825	0.119887	0.058909
3.6320	0.125953	0.140824	0.118007	0.057025
3.6400	0.125364	0.139827	0.116145	0.055186
3.6480	0.124777	0.138833	0.114300	0.053392
3.6560	0.124191	0.137843	0.112474	0.051642
3.6640	0.123607	0.136856	0.110667	0.049935
3.6720	0.123024	0.135873	0.108877	0.048271
3.6800	0.122443	0.134894	0.107106	0.046650
3.6880	0.121864	0.133918	0.105352	0.045070
3.6960	0.121287	0.132946	0.103618	0.043532
3.7040	0.120711	0.131978	0.101901	0.042035
3.7120	0.120137	0.131013	0.100203	0.040577
3.7200	0.119565	0.130052	0.098524	0.039159
3.7280	0.118994	0.129096	0.096862	0.037779
3.7360	0.118425	0.128142	0.095220	0.036438
3.7440	0.117858	0.127193	0.093595	0.035134
3.7520	0.117292	0.126248	0.091989	0.033867
3.7600	0.116728	0.125306	0.090402	0.032636
3.7680	0.116166	0.124369	0.088832	0.031441
3.7760	0.115606	0.123435	0.087281	0.030281
3.7840	0.115047	0.122505	0.085749	0.029155
3.7920	0.114490	0.121580	0.084235	0.028062
3.8000	0.113935	0.120658	0.082739	0.027003
3.8080	0.113382	0.119740	0.081261	0.025976
3.8160	0.112830	0.118826	0.079802	0.024980
3.8240	0.112280	0.117917	0.078361	0.024015
3.8320	0.111732	0.117011	0.076937	0.023081
3.8400	0.111185	0.116110	0.075532	0.022176
3.8480	0.110641	0.115212	0.074145	0.021301
3.8560	0.110098	0.114319	0.072776	0.020453
3.8640	0.109556	0.113430	0.071425	0.019634
3.8720	0.109017	0.112544	0.070092	0.018841
3.8800	0.108479	0.111663	0.068776	0.018075
3.8880	0.107943	0.110787	0.067478	0.017335
3.8960	0.107409	0.109914	0.066198	0.016620
3.9040	0.106877	0.109046	0.064935	0.015929
3.9120	0.106346	0.108181	0.063690	0.015262
3.9200	0.105817	0.107321	0.062462	0.014619
3.9280	0.105290	0.106465	0.061251	0.013998
3.9360	0.104764	0.105614	0.060058	0.013400
3.9440	0.104241	0.104766	0.058881	0.012823
3.9520	0.103719	0.103923	0.057722	0.012267
3.9600	0.103199	0.103084	0.056579	0.011731
3.9680	0.102681	0.102250	0.055453	0.011215
3.9760	0.102164	0.101419	0.054344	0.010719
3.9840	0.101649	0.100593	0.053251	0.010241
3.9920	0.101136	0.099771	0.052175	0.009781
4.0000	0.100625	0.098954	0.051115	0.009339
4.0080	0.100116	0.098141	0.050072	0.008914
4.0160	0.099608	0.097332	0.049044	0.008505
4.0240	0.099102	0.096527	0.048032	0.008113
4.0320	0.098598	0.095727	0.047037	0.007736
4.0400	0.098096	0.094931	0.046057	0.007374
4.0480	0.097595	0.094139	0.045092	0.007026
4.0560	0.097096	0.093352	0.044143	0.006693
4.0640	0.096599	0.092569	0.043209	0.006374
4.0720	0.096104	0.091790	0.042291	0.006067
4.0800	0.095611	0.091016	0.041388	0.005774
4.0880	0.095119	0.090246	0.040499	0.005493
4.0960	0.094629	0.089480	0.039625	0.005223
4.1040	0.094141	0.088719	0.038766	0.004966
4.1120	0.093655	0.087962	0.037922	0.004719
4.1200	0.093170	0.087209	0.037092	0.004483
4.1280	0.092687	0.086461	0.036276	0.004257
4.1360	0.092206	0.085717	0.035474	0.004042
4.1440	0.091727	0.084977	0.034686	0.003836
4.1520	0.091250	0.084242	0.033912	0.003639
4.1600	0.090774	0.083511	0.033151	0.003451
4.1680	0.090300	0.082784	0.032404	0.003272
4.1760	0.089828	0.082062	0.031671	0.003100
4.1840	0.089358	0.081344	0.030950	0.002937
4.1920	0.088889	0.080631	0.030243	0.002782
4.2000	0.088422	0.079921	0.029548	0.002633
4.2080	0.087957	0.079216	0.028867	0.002492
4.2160	0.087494	0.078516	0.028198	0.002357
4.2240	0.087033	0.077820	0.027541	0.002229
4.2320	0.086573	0.077128	0.026897	0.002107
4.2400	0.086115	0.076440	0.026265	0.001991
4.2480	0.085659	0.075757	0.025644	0.001881
4.2560	0.085204	0.075078	0.025036	0.001776
4.2640	0.084752	0.074403	0.024439	0.001677
4.2720	0.084301	0.073732	0.023854	0.001582
4.2800	0.083852	0.073066	0.023281	0.001492
4.2880	0.083404	0.072404	0.022718	0.001407
4.2960	0.082959	0.071747	0.022167	0.001326
4.3040	0.082515	0.071094	0.021627	0.001250
4.3120	0.082073	0.070445	0.021097	0.001177
4.3200	0.081632	0.069800	0.020578	0.001108
4.3280	0.081194	0.069159	0.020070	0.001043
4.3360	0.080757	0.068523	0.019572	0.000981
4.3440	0.080322	0.067891	0.019084	0.000923
4.3520	0.079888	0.067263	0.018606	0.000867
4.3600	0.079457	0.066639	0.018138	0.000815
4.3680	0.079027	0.066020	0.017680	0.000766
4.3760	0.078599	0.065405	0.017231	0.000719
4.3840	0.078172	0.064794	0.016792	0.000675
4.3920	0.077747	0.064187	0.016362	0.000633
4.4000	0.077324	0.063584	0.015942	0.000594
4.4080	0.076903	0.062986	0.015530	0.000557
4.4160	0.076484	0.062391	0.015127	0.000522
4.4240	0.076066	0.061801	0.014733	0.000489
4.4320	0.075650	0.061215	0.014348	0.000458
4.4400	0.075236	0.060633	0.013971	0.000428
4.4480	0.074823	0.060055	0.013602	0.000401
4.4560	0.074412	0.059481	0.013242	0.000375
4.4640	0.074003	0.058911	0.012890	0.000350
4.4720	0.073595	0.058346	0.012545	0.000327
4.4800	0.073189	0.057784	0.012209	0.000306
4.4880	0.072785	0.057227	0.011880	0.000286
4.4960	0.072383	0.056673	0.011558	0.000267
4.5040	0.071982	0.056124	0.011244	0.000249
4.5120	0.071583	0.055578	0.010937	0.000232
4.5200	0.071186	0.055037	0.010638	0.000216
4.5280	0.070790	0.054500	0.010345	0.000202
4.5360	0.070397	0.053966	0.010059	0.000188
4.5440	0.070004	0.053437	0.009780	0.000175
4.5520	0.069614	0.052911	0.009508	0.000163
4.5600	0.069225	0.052389	0.009242	0.000151
4.5680	0.068838	0.051872	0.008982	0.000141
4.5760	0.068452	0.051358	0.008729	0.000131
4.5840	0.068068	0.050848	0.008482	0.000122
4.5920	0.067686	0.050342	0.008241	0.000113
4.6000	0.067306	0.049840	0.008005	0.000105
4.6080	0.066927	0.049342	0.007776	0.000097
4.6160	0.066549	0.048847	0.007552	0.000090
4.6240	0.066174	0.048356	0.007334	0.000084
4.6320	0.065800	0.047870	0.007121	0.000078
4.6400	0.065428	0.047386	0.006914	0.000072
4.6480	0.065057	0.046907	0.006711	0.000067
4.6560	0.064688	0.046432	0.006514	0.000062
4.6640	0.064321	0.045960	0.006322	0.000057
4.6720	0.063955	0.045492	0.006135	0.000053
4.6800	0.063591	0.045027	0.005953	0.000049
4.6880	0.063228	0.044567	0.005775	0.000045
4.6960	0.062868	0.044110	0.005602	0.000042
4.7040	0.062508	0.043657	0.005434	0.000038
4.7120	0.062151	0.043207	0.005270	0.000035
4.7200	0.061795	0.042761	0.005110	0.000033
4.7280	0.061440	0.042318	0.004955	0.000030
4.7360	0.061088	0.041880	0.004804	0.000028
4.7440	0.060736	0.041444	0.004656	0.000026
4.7520	0.060387	0.041013	0.004513	0.000024
4.7600	0.060039	0.040585	0.004374	0.000022
4.7680	0.059692	0.040160	0.004238	0.000020
4.7760	0.059348	0.039739	0.004106	0.000018
4.7840	0.059004	0.039321	0.003978	0.000017
4.7920	0.058663	0.038907	0.003853	0.000015
4.8000	0.058323	0.038497	0.003732	0.000014
4.8080	0.057984	0.038090	0.003614	0.000013
4.8160	0.057647	0.037686	0.003499	0.000012
4.8240	0.057312	0.037286	0.003388	0.000011
4.8320	0.056978	0.036889	0.003279	0.000010
4.8400	0.056646	0.036495	0.003174	0.000009
4.8480	0.056315	0.036105	0.003072	0.000008
4.8560	0.055986	0.035718	0.002973	0.000008
4.8640	0.055658	0.035335	0.002876	0.000007
4.8720	0.055332	0.034954	0.002782	0.000006
4.8800	0.055007	0.034577	0.002691	0.000006
4.8880	0.054684	0.034204	0.002603	0.000005
4.8960	0.054363	0.033833	0.002517	0.000005
4.9040	0.054043	0.033466	0.002434	0.000004
4.9120	0.053724	0.033102	0.002353	0.000004
4.9200	0.053407	0.032741	0.002275	0.000004
4.9280	0.053092	0.032384	0.002199	0.000003
4.9360	0.052778	0.032030	0.002125	0.000003
4.9440	0.052466	0.031678	0.002054	0.000003
4.9520	0.052155	0.031330	0.001984	0.000003
4.9600	0.051845	0.030985	0.001917	0.000002
4.9680	0.051537	0.030643	0.001852	0.000002
4.9760	0.051231	0.030304	0.001789	0.000002
4.9840	0.050926	0.029969	0.001727	0.000002
4.9920	0.050622	0.029636	0.001668	0.000002
5.0000	0.050320	0.029306	0.001610	0.000001
5.0080	0.050019	0.028979	0.001554	0.000001
5.0160	0.049720	0.028656	0.001500	0.000001
5.0240	0.049423	0.028335	0.001448	0.000001
5.0320	0.049126	0.028017	0.001397	0.000001
5.0400	0.048832	0.027702	0.001348	0.000001
5.0480	0.048538	0.027390	0.001301	0.000001
5.0560	0.048246	0.027081	0.001255	0.000001
5.0640	0.047956	0.026775	0.001210	0.000001
5.0720	0.047667	0.026471	0.001167	0.000001
5.0800	0.047379	0.026171	0.001125	0.000001
5.0880	0.047093	0.025873	0.001085	0.000000
5.0960	0.046808	0.025578	0.001046	0.000000
5.1040	0.046525	0.025286	0.001008	0.000000
5.1120	0.046243	0.024997	0.000971	0.000000
5.1200	0.045963	0.024710	0.000936	0.000000
5.1280	0.045684	0.024426	0.000902	0.000000
5.1360	0.045406	0.024145	0.000869	0.000000
5.1440	0.045130	0.023866	0.000837	0.000000
5.1520	0.044855	0.023591	0.000806	0.000000
5.1600	0.044581	0.023317	0.000776	0.000000
5.1680	0.044309	0.023047	0.000747	0.000000
5.1760	0.044038	0.022779	0.000719	0.000000
5.1840	0.043769	0.022514	0.000692	0.000000
5.1920	0.043501	0.022251	0.000667	0.000000
5.2000	0.043234	0.021991	0.000641	0.000000
5.2080	0.042968	0.021733	0.000617	0.000000
5.2160	0.042704	0.021478	0.000594	0.000000
5.2240	0.042442	0.021225	0.000571	0.000000
5.2320	0.042180	0.020975	0.000549	0.000000
5.2400	0.041920	0.020728	0.000528	0.000000
5.2480	0.041662	0.020482	0.000508	0.000000
5.2560	0.041404	0.020240	0.000488	0.000000
5.2640	0.041148	0.019999	0.000470	0.000000
5.2720	0.040894	0.019761	0.000451	0.000000
5.2800	0.040640	0.019526	0.000434	0.000000
5.2880	0.040388	0.019293	0.000417	0.000000
5.2960	0.040138	0.019062	0.000400	0.000000
5.3040	0.039888	0.018833	0.000385	0.000000
5.3120	0.039640	0.018607	0.000370	0.000000
5.3200	0.039393	0.018383	0.000355	0.000000
5.3280	0.039148	0.018162	0.000341	0.000000
5.3360	0.038903	0.017942	0.000327	0.000000
5.3440	0.038660	0.017725	0.000314	0.000000
5.3520	0.038419	0.017511	0.000302	0.000000
5.3600	0.038178	0.017298	0.000289	0.000000
5.3680	0.037939	0.017087	0.000278	0.000000
5.3760	0.037701	0.016879	0.000266	0.000000
5.3840	0.037464	0.016673	0.000256	0.000000
5.3920	0.037229	0.016469	0.000245	0.000000
5.4000	0.036995	0.016267	0.000235	0.000000
5.4080	0.036762	0.016068	0.000226	0.000000
5.4160	0.036530	0.015870	0.000216	0.000000
5.4240	0.036299	0.015674	0.000207	0.000000
5.4320	0.036070	0.015481	0.000199	0.000000
5.4400	0.035842	0.015289	0.000190	0.000000
5.4480	0.035615	0.015100	0.000183	0.000000
5.4560	0.035390	0.014913	0.000175	0.000000
5.4640	0.035165	0.014727	0.000168	0.000000
5.4720	0.034942	0.014544	0.000161	0.000000
5.4800	0.034720	0.014362	0.000154	0.000000
5.4880	0.034499	0.014183	0.000147	0.000000
5.4960	0.034280	0.014005	0.000141	0.000000
5.5040	0.034061	0.013829	0.000135	0.000000
5.5120	0.033844	0.013656	0.000129	0.000000
5.5200	0.033628	0.013484	0.000124	0.000000
5.5280	0.033413	0.013314	0.000118	0.000000
5.5360	0.033199	0.013145	0.000113	0.000000
5.5440	0.032987	0.012979	0.000108	0.000000
5.5520	0.032775	0.012814	0.000104	0.000000
5.5600	0.032565	0.012652	0.000099	0.000000
5.5680	0.032356	0.012491	0.000095	0.000000
5.5760	0.032148	0.012331	0.000091	0.000000
5.5840	0.031941	0.012174	0.000087	0.000000
5.5920	0.031736	0.012018	0.000083	0.000000
5.6000	0.031531	0.011864	0.000079	0.000000
5.6080	0.031328	0.011712	0.000076	0.000000
5.6160	0.031125	0.011561	0.000072	0.000000
5.6240	0.030924	0.011412	0.000069	0.000000
5.6320	0.030724	0.011265	0.000066	0.000000
5.6400	0.030525	0.011120	0.000063	0.000000
5.6480	0.030327	0.010976	0.000060	0.000000
5.6560	0.030130	0.010833	0.000057	0.000000
5.6640	0.029935	0.010693	0.000055	0.000000
5.6720	0.029740	0.010553	0.000052	0.000000
5.6800	0.029547	0.010416	0.000050	0.000000
5.6880	0.029354	0.010280	0.000048	0.000000
5.6960	0.029163	0.010145	0.000045	0.000000
5.7040	0.028972	0.010012	0.000043	0.000000
5.7120	0.028783	0.009881	0.000041	0.000000
5.7200	0.028595	0.009751	0.000039	0.000000
5.7280	0.028408	0.009623	0.000038	0.000000
5.7360	0.028222	0.009496	0.000036	0.000000
5.7440	0.028037	0.009370	0.000034	0.000000
5.7520	0.027853	0.009246	0.000033	0.000000
5.7600	0.027670	0.009124	0.000031	0.000000
5.7680	0.027488	0.009003	0.000030	0.000000
5.7760	0.027307	0.008883	0.000028	0.000000
5.7840	0.027128	0.008764	0.000027	0.000000
5.7920	0.026949	0.008648	0.000026	0.000000
5.8000	0.026771	0.008532	0.000024	0.000000
5.8080	0.026594	0.008418	0.000023	0.000000
5.8160	0.026419	0.008305	0.000022	0.000000
5.8240	0.026244	0.008193	0.000021	0.000000
5.8320	0.026070	0.008083	0.000020	0.000000
5.8400	0.025897	0.007974	0.000019	0.000000
5.8480	0.025726	0.007866	0.000018	0.000000
5.8560	0.025555	0.007760	0.000017	0.000000
5.8640	0.025385	0.007655	0.000016	0.000000
5.8720	0.025216	0.007551	0.000016	0.000000
5.8800	0.025048	0.007448	0.000015	0.000000
5.8880	0.024881	0.007347	0.000014	0.000000
5.8960	0.024716	0.007247	0.000013	0.000000
5.9040	0.024551	0.007148	0.000013	0.000000
5.9120	0.024387	0.007050	0.000012	0.000000
5.9200	0.024224	0.006954	0.000012	0.000000
5.9280	0.024062	0.006858	0.000011	0.000000
5.9360	0.023900	0.006764	0.000010	0.000000
5.9440	0.023740	0.006671	0.000010	0.000000
5.9520	0.023581	0.006579	0.000009	0.000000
5.9600	0.023423	0.006488	0.000009	0.000000
5.9680	0.023265	0.006398	0.000008	0.000000
5.9760	0.023109	0.006310	0.000008	0.000000
5.9840	0.022953	0.006222	0.000008	0.000000
5.9920	0.022798	0.006136	0.000007	0.000000
6.0000	0.022645	0.006050	0.000007	0.000000
6.0080	0.022492	0.005966	0.000007	0.000000
6.0160	0.022340	0.005883	0.000006	0.000000
6.0240	0.022189	0.005800	0.000006	0.000000
6.0320	0.022039	0.005719	0.000006	0.000000
6.0400	0.021890	0.005639	0.000005	0.000000
6.0480	0.021741	0.005560	0.000005	0.000000
6.0560	0.021594	0.005482	0.000005	0.000000
6.0640	0.021447	0.005404	0.000004	0.000000
6.0720	0.021301	0.005328	0.000004	0.000000
6.0800	0.021156	0.005253	0.000004	0.000000
6.0880	0.021012	0.005178	0.000004	0.000000
6.0960	0.020869	0.005105	0.000004	0.000000
6.1040	0.020727	0.005032	0.000003	0.000000
6.1120	0.020585	0.004961	0.000003	0.000000
6.1200	0.020445	0.004890	0.000003	0.000000
6.1280	0.020305	0.004820	0.000003	0.000000
6.1360	0.020166	0.004751	0.000003	0.000000
6.1440	0.020028	0.004683	0.000003	0.000000
6.1520	0.019891	0.004616	0.000002	0.000000
6.1600	0.019754	0.004550	0.000002	0.000000
6.1680	0.019619	0.004485	0.000002	0.000000
6.1760	0.019484	0.004420	0.000002	0.000000
6.1840	0.019350	0.004356	0.000002	0.000000
6.1920	0.019217	0.004293	0.000002	0.000000
6.2000	0.019085	0.004231	0.000002	0.000000
6.2080	0.018953	0.004170	0.000002	0.000000
6.2160	0.018822	0.004109	0.000002	0.000000
6.2240	0.018692	0.004050	0.000001	0.000000
6.2320	0.018563	0.003991	0.000001	0.000000
6.2400	0.018435	0.003933	0.000001	0.000000
6.2480	0.018307	0.003875	0.000001	0.000000
6.2560	0.018180	0.003819	0.000001	0.000000
6.2640	0.018054	0.003763	0.000001	0.000000
6.2720	0.017929	0.003708	0.000001	0.000000
6.2800	0.017805	0.003653	0.000001	0.000000
6.2880	0.017681	0.003599	0.000001	0.000000
6.2960	0.017558	0.003546	0.000001	0.000000
6.3040	0.017436	0.003494	0.000001	0.000000
6.3120	0.017314	0.003442	0.000001	0.000000
6.3200	0.017193	0.003392	0.000001	0.000000
6.3280	0.017074	0.003341	0.000001	0.000000
6.3360	0.016954	0.003292	0.000001	0.000000
6.3440	0.016836	0.003243	0.000001	0.000000
6.3520	0.016718	0.003195	0.000001	0.000000
6.3600	0.016601	0.003147	0.000001	0.000000
6.3680	0.016485	0.003100	0.000001	0.000000
6.3760	0.016369	0.003054	0.000000	0.000000
6.3840	0.016254	0.003008	0.000000	0.000000
6.3920	0.016140	0.002963	0.000000	0.000000
6.4000	0.016027	0.002918	0.000000	0.000000
6.4080	0.015914	0.002875	0.000000	0.000000
6.4160	0.015802	0.002831	0.000000	0.000000
6.4240	0.015691	0.002789	0.000000	0.000000
6.4320	0.015580	0.002747	0.000000	0.000000
6.4400	0.015470	0.002705	0.000000	0.000000
6.4480	0.015361	0.002664	0.000000	0.000000
6.4560	0.015252	0.002624	0.000000	0.000000
6.4640	0.015145	0.002584	0.000000	0.000000
6.4720	0.015037	0.002545	0.000000	0.000000
6.4800	0.014931	0.002506	0.000000	0.000000
6.4880	0.014825	0.002468	0.000000	0.000000
6.4960	0.014720	0.002430	0.000000	0.000000
6.5040	0.014615	0.002393	0.000000	0.000000
6.5120	0.014512	0.002356	0.000000	0.000000
6.5200	0.014408	0.002320	0.000000	0.000000
6.5280	0.014306	0.002284	0.000000	0.000000
6.5360	0.014204	0.002249	0.000000	0.000000
6.5440	0.014103	0.002215	0.000000	0.000000
6.5520	0.014002	0.002180	0.000000	0.000000
6.5600	0.013902	0.002147	0.000000	0.000000
6.5680	0.013803	0.002114	0.000000	0.000000
6.5760	0.013704	0.002081	0.000000	0.000000
6.5840	0.013606	0.002049	0.000000	0.000000
6.5920	0.013509	0.002017	0.000000	0.000000
6.6000	0.013412	0.001985	0.000000	0.000000
6.6080	0.013316	0.001954	0.000000	0.000000
6.6160	0.013220	0.001924	0.000000	0.000000
6.6240	0.013125	0.001894	0.000000	0.000000
6.6320	0.013031	0.001864	0.000000	0.000000
6.6400	0.012937	0.001835	0.000000	0.000000
6.6480	0.012844	0.001806	0.000000	0.000000
6.6560	0.012752	0.001778	0.000000	0.000000
6.6640	0.012660	0.001750	0.000000	0.000000
6.6720	0.012569	0.001723	0.000000	0.000000
6.6800	0.012478	0.001695	0.000000	0.000000
6.6880	0.012388	0.001669	0.000000	0.000000
6.6960	0.012298	0.001642	0.000000	0.000000
6.7040	0.012209	0.001616	0.000000	0.000000
6.7120	0.012121	0.001591	0.000000	0.000000
6.7200	0.012033	0.001565	0.000000	0.000000
6.7280	0.011946	0.001540	0.000000	0.000000
6.7360	0.011859	0.001516	0.000000	0.000000
6.7440	0.011773	0.001492	0.000000	0.000000
6.7520	0.011687	0.001468	0.000000	0.000000
6.7600	0.011602	0.001445	0.000000	0.000000
6.7680	0.011518	0.001421	0.000000	0.000000
6.7760	0.011434	0.001399	0.000000	0.000000
6.7840	0.011351	0.001376	0.000000	0.000000
6.7920	0.011268	0.001354	0.000000	0.000000
6.8000	0.011186	0.001332	0.000000	0.000000
6.8080	0.011104	0.001311	0.000000	0.000000
6.8160	0.011023	0.001290	0.000000	0.000000
6.8240	0.010942	0.001269	0.000000	0.000000
6.8320	0.010862	0.001248	0.000000	0.000000
6.8400	0.010783	0.001228	0.000000	0.000000
6.8480	0.010703	0.001208	0.000000	0.000000
6.8560	0.010625	0.001189	0.000000	0.000000
6.8640	0.010547	0.001169	0.000000	0.000000
6.8720	0.010469	0.001150	0.000000	0.000000
6.8800	0.010393	0.001131	0.000000	0.000000
6.8880	0.010316	0.001113	0.000000	0.000000
6.8960	0.010240	0.001095	0.000000	0.000000
6.9040	0.010165	0.001077	0.000000	0.000000
6.9120	0.010090	0.001059	0.000000	0.000000
6.9200	0.010015	0.001042	0.000000	0.000000
6.9280	0.009941	0.001025	0.000000	0.000000
6.9360	0.009868	0.001008	0.000000	0.000000
6.9440	0.009795	0.000991	0.000000	0.000000
6.9520	0.009722	0.000975	0.000000	0.000000
6.9600	0.009650	0.000959	0.000000	0.000000
6.9680	0.009579	0.000943	0.000000	0.000000
6.9760	0.009508	0.000927	0.000000	0.000000
6.9840	0.009437	0.000912	0.000000	0.000000
6.9920	0.009367	0.000897	0.000000	0.000000
7.0000	0.009298	0.000882	0.000000	0.000000
7.0080	0.009229	0.000867	0.000000	0.000000
7.0160	0.009160	0.000853	0.000000	0.000000
7.0240	0.009092	0.000838	0.000000	0.000000
7.0320	0.009024	0.000824	0.000000	0.000000
7.0400	0.008957	0.000811	0.000000	0.000000
7.0480	0.008890	0.000797	0.000000	0.000000
7.0560	0.008824	0.000784	0.000000	0.000000
7.0640	0.008758	0.000771	0.000000	0.000000
7.0720	0.008692	0.000758	0.000000	0.000000
7.0800	0.008627	0.000745	0.000000	0.000000
7.0880	0.008562	0.000732	0.000000	0.000000
7.0960	0.008498	0.000720	0.000000	0.000000
7.1040	0.008435	0.000708	0.000000	0.000000
7.1120	0.008371	0.000696	0.000000	0.000000
7.1200	0.008308	0.000684	0.000000	0.000000
7.1280	0.008246	0.000672	0.000000	0.000000
7.1360	0.008184	0.000661	0.000000	0.000000
7.1440	0.008122	0.000650	0.000000	0.000000
7.1520	0.008061	0.000639	0.000000	0.000000
7.1600	0.008001	0.000628	0.000000	0.000000
7.1680	0.007940	0.000617	0.000000	0.000000
7.1760	0.007880	0.000606	0.000000	0.000000
7.1840	0.007821	0.000596	0.000000	0.000000
7.1920	0.007762	0.000586	0.000000	0.000000
7.2000	0.007703	0.000576	0.000000	0.000000
7.2080	0.007645	0.000566	0.000000	0.000000
7.2160	0.007587	0.000556	0.000000	0.000000
7.2240	0.007530	0.000547	0.000000	0.000000
7.2320	0.007472	0.000537	0.000000	0.000000
7.2400	0.007416	0.000528	0.000000	0.000000
7.2480	0.007360	0.000519	0.000000	0.000000
7.2560	0.007304	0.000510	0.000000	0.000000
7.2640	0.007248	0.000501	0.000000	0.000000
7.2720	0.007193	0.000492	0.000000	0.000000
7.2800	0.007138	0.000484	0.000000	0.000000
7.2880	0.007084	0.000475	0.000000	0.000000
7.2960	0.007030	0.000467	0.000000	0.000000
7.3040	0.006976	0.000459	0.000000	0.000000
7.3120	0.006923	0.000451	0.000000	0.000000
7.3200	0.006870	0.000443	0.000000	0.000000
7.3280	0.006818	0.000435	0.000000	0.000000
7.3360	0.006766	0.000428	0.000000	0.000000
7.3440	0.006714	0.000420	0.000000	0.000000
7.3520	0.006662	0.000413	0.000000	0.000000
7.3600	0.006611	0.000405	0.000000	0.000000
7.3680	0.006561	0.000398	0.000000	0.000000
7.3760	0.006510	0.000391	0.000000	0.000000
7.3840	0.006460	0.000384	0.000000	0.000000
7.3920	0.006411	0.000378	0.000000	0.000000
7.4000	0.006362	0.000371	0.000000	0.000000
7.4080	0.006313	0.000364	0.000000	0.000000
7.4160	0.006264	0.000358	0.000000	0.000000
7.4240	0.006216	0.000352	0.000000	0.000000
7.4320	0.006168	0.000345	0.000000	0.000000
7.4400	0.006120	0.000339	0.000000	0.000000
7.4480	0.006073	0.000333	0.000000	0.000000
7.4560	0.006026	0.000327	0.000000	0.000000
7.4640	0.005980	0.000321	0.000000	0.000000
7.4720	0.005933	0.000316	0.000000	0.000000
7.4800	0.005888	0.000310	0.000000	0.000000
7.4880	0.005842	0.000304	0.000000	0.000000
7.4960	0.005797	0.000299	0.000000	0.000000
7.5040	0.005752	0.000294	0.000000	0.000000
7.5120	0.005707	0.000288	0.000000	0.000000
7.5200	0.005663	0.000283	0.000000	0.000000
7.5280	0.005619	0.000278	0.000000	0.000000
7.5360	0.005575	0.000273	0.000000	0.000000
7.5440	0.005532	0.000268	0.000000	0.000000
7.5520	0.005489	0.000263	0.000000	0.000000
7.5600	0.005446	0.000258	0.000000	0.000000
7.5680	0.005404	0.000254	0.000000	0.000000
7.5760	0.005362	0.000249	0.000000	0.000000
7.5840	0.005320	0.000245	0.000000	0.000000
7.5920	0.005278	0.000240	0.000000	0.000000
7.6000	0.005237	0.000236	0.000000	0.000000
7.6080	0.005196	0.000231	0.000000	0.000000
7.6160	0.005156	0.000227	0.000000	0.000000
7.6240	0.005115	0.000223	0.000000	0.000000
7.6320	0.005075	0.000219	0.000000	0.000000
7.6400	0.005035	0.000215	0.000000	0.000000
7.6480	0.004996	0.000211	0.000000	0.000000
7.6560	0.004957	0.000207	0.000000	0.000000
7.6640	0.004918	0.000203	0.000000	0.000000
7.6720	0.004879	0.000200	0.000000	0.000000
7.6800	0.004841	0.000196	0.000000	0.000000
7.6880	0.004803	0.000192	0.000000	0.000000
7.6960	0.004765	0.000189	0.000000	0.000000
7.7040	0.004727	0.000185	0.000000	0.000000
7.7120	0.004690	0.000182	0.000000	0.000000
7.7200	0.004653	0.000178	0.000000	0.000000
7.7280	0.004617	0.000175	0.000000	0.000000
7.7360	0.004580	0.000172	0.000000	0.000000
7.7440	0.004544	0.000169	0.000000	0.000000
7.7520	0.004508	0.000166	0.000000	0.000000
7.7600	0.004472	0.000162	0.000000	0.000000
7.7680	0.004437	0.000159	0.000000	0.000000
7.7760	0.004402	0.000156	0.000000	0.000000
7.7840	0.004367	0.000153	0.000000	0.000000
7.7920	0.004332	0.000151	0.000000	0.000000
7.8000	0.004298	0.000148	0.000000	0.000000
7.8080	0.004264	0.000145	0.000000	0.000000
7.8160	0.004230	0.000142	0.000000	0.000000
7.8240	0.004196	0.000140	0.000000	0.000000
7.8320	0.004163	0.000137	0.000000	0.000000
7.8400	0.004130	0.000134	0.000000	0.000000
7.8480	0.004097	0.000132	0.000000	0.000000
7.8560	0.004064	0.000129	0.000000	0.000000
7.8640	0.004032	0.000127	0.000000	0.000000
7.8720	0.004000	0.000125	0.000000	0.000000
7.8800	0.003968	0.000122	0.000000	0.000000
7.8880	0.003936	0.000120	0.000000	0.000000
7.8960	0.003905	0.000118	0.000000	0.000000
7.9040	0.003874	0.000115	0.000000	0.000000
7.9120	0.003843	0.000113	0.000000	0.000000
7.9200	0.003812	0.000111	0.000000	0.000000
7.9280	0.003781	0.000109	0.000000	0.000000
7.9360	0.003751	0.000107	0.000000	0.000000
7.9440	0.003721	0.000105	0.000000	0.000000
7.9520	0.003691	0.000103	0.000000	0.000000
7.9600	0.003661	0.000101	0.000000	0.000000
7.9680	0.003632	0.000099	0.000000	0.000000
7.9760	0.003603	0.000097	0.000000	0.000000
7.9840	0.003574	0.000095	0.000000	0.000000
7.9920	0.003545	0.000093	0.000000	0.000000
8.0000	0.003517	0.000091	0.000000	0.000000
