% u, phi_t1.0, phi_t0.7, phi_t0.5, phi_t0.3
-8.0000	0.000335	0.003685	0.017992	0.083201
-7.9840	0.000341	0.003727	0.018129	0.083456
-7.9680	0.000346	0.003768	0.018267	0.083712
-7.9520	0.000352	0.003810	0.018405	0.083968
-7.9360	0.000358	0.003853	0.018545	0.084223
-7.9200	0.000363	0.003896	0.018685	0.084480
-7.9040	0.000369	0.003939	0.018827	0.084736
-7.8880	0.000375	0.003983	0.018970	0.084992
-7.8720	0.000381	0.004028	0.019113	0.085248
-7.8560	0.000387	0.004072	0.019258	0.085505
-7.8400	0.000394	0.004118	0.019403	0.085761
-7.8240	0.000400	0.004164	0.019550	0.086018
-7.8080	0.000406	0.004210	0.019698	0.086275
-7.7920	0.000413	0.004257	0.019847	0.086532
-7.7760	0.000420	0.004305	0.019996	0.086789
-7.7600	0.000426	0.004353	0.020147	0.087046
-7.7440	0.000433	0.004401	0.020299	0.087303
-7.7280	0.000440	0.004450	0.020452	0.087560
-7.7120	0.000447	0.004500	0.020606	0.087817
-7.6960	0.000455	0.004550	0.020761	0.088074
-7.6800	0.000462	0.004600	0.020918	0.088331
-7.6640	0.000469	0.004652	0.021075	0.088588
-7.6480	0.000477	0.004703	0.021233	0.088845
-7.6320	0.000485	0.004756	0.021393	0.089103
-7.6160	0.000492	0.004809	0.021554	0.089360
-7.6000	0.000500	0.004862	0.021715	0.089617
-7.5840	0.000508	0.004916	0.021878	0.089874
-7.5680	0.000517	0.004971	0.022042	0.090131
-7.5520	0.000525	0.005026	0.022207	0.090388
-7.5360	0.000533	0.005082	0.022374	0.090646
-7.5200	0.000542	0.005139	0.022541	0.090903
-7.5040	0.000551	0.005196	0.022710	0.091160
-7.4880	0.000560	0.005254	0.022879	0.091417
-7.4720	0.000569	0.005312	0.023050	0.091673
-7.4560	0.000578	0.005371	0.023222	0.091930
-7.4400	0.000587	0.005431	0.023396	0.092187
-7.4240	0.000596	0.005491	0.023570	0.092444
-7.4080	0.000606	0.005552	0.023746	0.092700
-7.3920	0.000616	0.005614	0.023923	0.092956
-7.3760	0.000626	0.005676	0.024101	0.093213
-7.3600	0.000636	0.005739	0.024280	0.093469
-7.3440	0.000646	0.005803	0.024461	0.093725
-7.3280	0.000656	0.005868	0.024642	0.093981
-7.3120	0.000667	0.005933	0.024825	0.094237
-7.2960	0.000678	0.005998	0.025010	0.094492
-7.2800	0.000689	0.006065	0.025195	0.094748
-7.2640	0.000700	0.006132	0.025382	0.095003
-7.2480	0.000711	0.006200	0.025570	0.095258
-7.2320	0.000723	0.006269	0.025759	0.095513
-7.2160	0.000734	0.006339	0.025950	0.095768
-7.2000	0.000746	0.006409	0.026141	0.096022
-7.1840	0.000758	0.006480	0.026334	0.096276
-7.1680	0.000770	0.006552	0.026529	0.096531
-7.1520	0.000783	0.006624	0.026725	0.096784
-7.1360	0.000795	0.006698	0.026922	0.097038
-7.1200	0.000808	0.006772	0.027120	0.097291
-7.1040	0.000821	0.006847	0.027319	0.097544
-7.0880	0.000834	0.006923	0.027520	0.097797
-7.0720	0.000848	0.006999	0.027723	0.098050
-7.0560	0.000861	0.007077	0.027926	0.098302
-7.0400	0.000875	0.007155	0.028131	0.098554
-7.0240	0.000889	0.007234	0.028338	0.098806
-7.0080	0.000904	0.007314	0.028545	0.099057
-6.9920	0.000918	0.007395	0.028754	0.099308
-6.9760	0.000933	0.007477	0.028965	0.099559
-6.9600	0.000948	0.007560	0.029177	0.099809
-6.9440	0.000963	0.007643	0.029390	0.100059
-6.9280	0.000979	0.007728	0.029604	0.100308
-6.9120	0.000994	0.007813	0.029820	0.100558
-6.8960	0.001010	0.007899	0.030038	0.100807
-6.8800	0.001027	0.007987	0.030256	0.101055
-6.8640	0.001043	0.008075	0.030477	0.101303
-6.8480	0.001060	0.008164	0.030698	0.101551
-6.8320	0.001077	0.008254	0.030921	0.101798
-6.8160	0.001094	0.008345	0.031146	0.102045
-6.8000	0.001112	0.008437	0.031372	0.102291
-6.7840	0.001130	0.008530	0.031599	0.102537
-6.7680	0.001148	0.008624	0.031828	0.102783
-6.7520	0.001167	0.008719	0.032058	0.103028
-6.7360	0.001185	0.008815	0.032290	0.103272
-6.7200	0.001204	0.008913	0.032523	0.103516
-6.7040	0.001224	0.009011	0.032758	0.103760
-6.6880	0.001244	0.009110	0.032994	0.104003
-6.6720	0.001264	0.009210	0.033232	0.104246
-6.6560	0.001284	0.009312	0.033471	0.104488
-6.6400	0.001304	0.009414	0.033712	0.104729
-6.6240	0.001325	0.009518	0.033954	0.104970
-6.6080	0.001347	0.009622	0.034198	0.105210
-6.5920	0.001368	0.009728	0.034443	0.105450
-6.5760	0.001390	0.009835	0.034690	0.105689
-6.5600	0.001413	0.009943	0.034938	0.105928
-6.5440	0.001436	0.010052	0.035188	0.106166
-6.5280	0.001459	0.010163	0.035439	0.106403
-6.5120	0.001482	0.010274	0.035692	0.106640
-6.4960	0.001506	0.010387	0.035947	0.106876
-6.4800	0.001530	0.010501	0.036203	0.107112
-6.4640	0.001555	0.010616	0.036461	0.107347
-6.4480	0.001580	0.010733	0.036720	0.107581
-6.4320	0.001605	0.010850	0.036981	0.107814
-6.4160	0.001631	0.010969	0.037243	0.108047
-6.4000	0.001657	0.011089	0.037507	0.108279
-6.3840	0.001684	0.011211	0.037773	0.108511
-6.3680	0.001711	0.011334	0.038040	0.108741
-6.3520	0.001738	0.011458	0.038309	0.108971
-6.3360	0.001766	0.011583	0.038579	0.109201
-6.3200	0.001795	0.011710	0.038851	0.109429
-6.3040	0.001824	0.011838	0.039125	0.109657
-6.2880	0.001853	0.011967	0.039400	0.109884
-6.2720	0.001883	0.012098	0.039677	0.110110
-6.2560	0.001913	0.012230	0.039956	0.110335
-6.2400	0.001944	0.012364	0.040236	0.110560
-6.2240	0.001975	0.012499	0.040518	0.110783
-6.2080	0.002007	0.012635	0.040801	0.111006
-6.1920	0.002039	0.012773	0.041087	0.111228
-6.1760	0.002072	0.012912	0.041373	0.111449
-6.1600	0.002105	0.013053	0.041662	0.111670
-6.1440	0.002139	0.013195	0.041952	0.111889
-6.1280	0.002173	0.013339	0.042244	0.112108
-6.1120	0.002208	0.013484	0.042538	0.112325
-6.0960	0.002243	0.013631	0.042833	0.112542
-6.0800	0.002279	0.013779	0.043130	0.112758
-6.0640	0.002316	0.013929	0.043428	0.112973
-6.0480	0.002353	0.014081	0.043729	0.113187
-6.0320	0.002391	0.014234	0.044031	0.113400
-6.0160	0.002429	0.014388	0.044334	0.113612
-6.0000	0.002468	0.014545	0.044640	0.113823
-5.9840	0.002508	0.014702	0.044947	0.114033
-5.9680	0.002548	0.014862	0.045256	0.114242
-5.9520	0.002589	0.015023	0.045567	0.114450
-5.9360	0.002630	0.015186	0.045879	0.114657
-5.9200	0.002673	0.015351	0.046193	0.114863
-5.9040	0.002716	0.015517	0.046509	0.115067
-5.8880	0.002759	0.015685	0.046826	0.115271
-5.8720	0.002803	0.015855	0.047146	0.115474
-5.8560	0.002848	0.016026	0.047467	0.115676
-5.8400	0.002894	0.016199	0.047789	0.115876
-5.8240	0.002940	0.016374	0.048114	0.116076
-5.8080	0.002987	0.016551	0.048440	0.116274
-5.7920	0.003035	0.016730	0.048768	0.116471
-5.7760	0.003084	0.016910	0.049098	0.116667
-5.7600	0.003133	0.017093	0.049429	0.116862
-5.7440	0.003184	0.017277	0.049763	0.117056
-5.7280	0.003235	0.017463	0.050098	0.117248
-5.7120	0.003287	0.017651	0.050434	0.117439
-5.6960	0.003339	0.017841	0.050773	0.117630
-5.6800	0.003393	0.018033	0.051113	0.117818
-5.6640	0.003447	0.018227	0.051455	0.118006
-5.6480	0.003502	0.018423	0.051799	0.118193
-5.6320	0.003558	0.018621	0.052145	0.118378
-5.6160	0.003615	0.018821	0.052492	0.118562
-5.6000	0.003673	0.019023	0.052841	0.118744
-5.5840	0.003732	0.019227	0.053192	0.118926
-5.5680	0.003792	0.019433	0.053545	0.119106
-5.5520	0.003852	0.019641	0.053899	0.119284
-5.5360	0.003914	0.019852	0.054256	0.119462
-5.5200	0.003977	0.020064	0.054614	0.119638
-5.5040	0.004040	0.020279	0.054973	0.119812
-5.4880	0.004105	0.020495	0.055335	0.119986
-5.4720	0.004171	0.020714	0.055698	0.120158
-5.4560	0.004237	0.020935	0.056063	0.120328
-5.4400	0.004305	0.021159	0.056430	0.120497
-5.4240	0.004374	0.021384	0.056799	0.120665
-5.4080	0.004444	0.021612	0.057169	0.120831
-5.3920	0.004515	0.021842	0.057541	0.120996
-5.3760	0.004587	0.022075	0.057915	0.121160
-5.3600	0.004660	0.022310	0.058291	0.121322
-5.3440	0.004735	0.022547	0.058668	0.121482
-5.3280	0.004810	0.022786	0.059048	0.121641
-5.3120	0.004887	0.023028	0.059429	0.121799
-5.2960	0.004965	0.023272	0.059811	0.121955
-5.2800	0.005044	0.023519	0.060196	0.122109
-5.2640	0.005125	0.023768	0.060582	0.122262
-5.2480	0.005207	0.024020	0.060970	0.122414
-5.2320	0.005290	0.024274	0.061360	0.122564
-5.2160	0.005374	0.024531	0.061751	0.122712
-5.2000	0.005460	0.024790	0.062144	0.122859
-5.1840	0.005547	0.025051	0.062539	0.123004
-5.1680	0.005635	0.025316	0.062936	0.123148
-5.1520	0.005725	0.025583	0.063334	0.123290
-5.1360	0.005816	0.025852	0.063734	0.123430
-5.1200	0.005909	0.026124	0.064136	0.123569
-5.1040	0.006003	0.026399	0.064539	0.123706
-5.0880	0.006099	0.026676	0.064945	0.123841
-5.0720	0.006196	0.026956	0.065351	0.123975
-5.0560	0.006295	0.027239	0.065760	0.124107
-5.0400	0.006395	0.027525	0.066170	0.124237
-5.0240	0.006497	0.027813	0.066582	0.124366
-5.0080	0.006600	0.028104	0.066996	0.124493
-4.9920	0.006705	0.028398	0.067411	0.124618
-4.9760	0.006812	0.028695	0.067828	0.124742
-4.9600	0.006920	0.028994	0.068247	0.124864
-4.9440	0.007030	0.029297	0.068667	0.124984
-4.9280	0.007142	0.029602	0.069089	0.125102
-4.9120	0.007256	0.029910	0.069512	0.125218
-4.8960	0.007371	0.030221	0.069937	0.125333
-4.8800	0.007488	0.030535	0.070364	0.125446
-4.8640	0.007607	0.030852	0.070792	0.125557
-4.8480	0.007728	0.031172	0.071222	0.125666
-4.8320	0.007850	0.031496	0.071654	0.125774
-4.8160	0.007975	0.031822	0.072087	0.125879
-4.8000	0.008101	0.032151	0.072521	0.125983
-4.7840	0.008230	0.032483	0.072958	0.126085
-4.7680	0.008360	0.032819	0.073395	0.126185
-4.7520	0.008493	0.033157	0.073835	0.126283
-4.7360	0.008628	0.033499	0.074275	0.126379
-4.7200	0.008764	0.033844	0.074718	0.126473
-4.7040	0.008903	0.034192	0.075161	0.126566
-4.6880	0.009044	0.034543	0.075607	0.126656
-4.6720	0.009187	0.034897	0.076053	0.126745
-4.6560	0.009333	0.035255	0.076502	0.126831
-4.6400	0.009480	0.035616	0.076951	0.126916
-4.6240	0.009630	0.035980	0.077402	0.126998
-4.6080	0.009782	0.036348	0.077855	0.127079
-4.5920	0.009937	0.036719	0.078309	0.127158
-4.5760	0.010094	0.037093	0.078764	0.127234
-4.5600	0.010253	0.037471	0.079221	0.127309
-4.5440	0.010415	0.037852	0.079679	0.127382
-4.5280	0.010580	0.038237	0.080138	0.127452
-4.5120	0.010747	0.038625	0.080599	0.127521
-4.4960	0.010916	0.039016	0.081061	0.127588
-4.4800	0.011088	0.039411	0.081524	0.127652
-4.4640	0.011263	0.039810	0.081989	0.127715
-4.4480	0.011440	0.040212	0.082454	0.127775
-4.4320	0.011621	0.040618	0.082922	0.127833
-4.4160	0.011804	0.041027	0.083390	0.127890
-4.4000	0.011989	0.041440	0.083859	0.127944
-4.3840	0.012178	0.041856	0.084330	0.127996
-4.3680	0.012369	0.042276	0.084802	0.128046
-4.3520	0.012564	0.042700	0.085275	0.128094
-4.3360	0.012761	0.043127	0.085749	0.128139
-4.3200	0.012962	0.043558	0.086224	0.128183
-4.3040	0.013165	0.043993	0.086701	0.128224
-4.2880	0.013372	0.044432	0.087178	0.128263
-4.2720	0.013582	0.044874	0.087657	0.128300
-4.2560	0.013794	0.045320	0.088136	0.128335
-4.2400	0.014011	0.045770	0.088617	0.128368
-4.2240	0.014230	0.046223	0.089098	0.128399
-4.2080	0.014453	0.046681	0.089581	0.128427
-4.1920	0.014679	0.047142	0.090064	0.128453
-4.1760	0.014909	0.047607	0.090548	0.128477
-4.1600	0.015142	0.048077	0.091034	0.128499
-4.1440	0.015378	0.048550	0.091520	0.128518
-4.1280	0.015618	0.049026	0.092006	0.128536
-4.1120	0.015862	0.049507	0.092494	0.128551
-4.0960	0.016110	0.049992	0.092983	0.128564
-4.0800	0.016361	0.050481	0.093472	0.128574
-4.0640	0.016616	0.050973	0.093962	0.128583
-4.0480	0.016875	0.051470	0.094453	0.128589
-4.0320	0.017137	0.051971	0.094944	0.128592
-4.0160	0.017404	0.052476	0.095436	0.128594
-4.0000	0.017675	0.052984	0.095929	0.128593
-3.9840	0.017949	0.053497	0.096422	0.128590
-3.9680	0.018228	0.054014	0.096916	0.128585
-3.9520	0.018511	0.054535	0.097410	0.128577
-3.9360	0.018798	0.055060	0.097905	0.128567
-3.9200	0.019089	0.055589	0.098401	0.128555
-3.9040	0.019385	0.056123	0.098897	0.128541
-3.8880	0.019685	0.056660	0.099393	0.128524
-3.8720	0.019990	0.057202	0.099889	0.128505
-3.8560	0.020299	0.057747	0.100386	0.128483
-3.8400	0.020612	0.058297	0.100884	0.128459
-3.8240	0.020931	0.058851	0.101381	0.128433
-3.8080	0.021254	0.059410	0.101879	0.128405
-3.7920	0.021581	0.059972	0.102377	0.128374
-3.7760	0.021914	0.060538	0.102876	0.128341
-3.7600	0.022251	0.061109	0.103374	0.128305
-3.7440	0.022593	0.061684	0.103873	0.128267
-3.7280	0.022941	0.062263	0.104372	0.128227
-3.7120	0.023293	0.062847	0.104870	0.128184
-3.6960	0.023651	0.063434	0.105369	0.128139
-3.6800	0.024013	0.064026	0.105868	0.128092
-3.6640	0.024381	0.064622	0.106366	0.128042
-3.6480	0.024754	0.065223	0.106865	0.127990
-3.6320	0.025133	0.065827	0.107364	0.127936
-3.6160	0.025517	0.066436	0.107862	0.127879
-3.6000	0.025907	0.067049	0.108360	0.127819
-3.5840	0.026302	0.067666	0.108858	0.127758
-3.5680	0.026703	0.068288	0.109355	0.127694
-3.5520	0.027110	0.068914	0.109853	0.127627
-3.5360	0.027522	0.069544	0.110349	0.127558
-3.5200	0.027941	0.070178	0.110846	0.127487
-3.5040	0.028365	0.070816	0.111342	0.127414
-3.4880	0.028795	0.071459	0.111837	0.127338
-3.4720	0.029232	0.072106	0.112332	0.127259
-3.4560	0.029675	0.072757	0.112827	0.127178
-3.4400	0.030123	0.073412	0.113321	0.127095
-3.4240	0.030579	0.074071	0.113814	0.127010
-3.4080	0.031040	0.074735	0.114306	0.126922
-3.3920	0.031508	0.075403	0.114798	0.126831
-3.3760	0.031983	0.076075	0.115289	0.126738
-3.3600	0.032464	0.076751	0.115779	0.126643
-3.3440	0.032952	0.077431	0.116269	0.126546
-3.3280	0.033447	0.078115	0.116757	0.126446
-3.3120	0.033948	0.078804	0.117244	0.126343
-3.2960	0.034457	0.079496	0.117731	0.126238
-3.2800	0.034972	0.080193	0.118216	0.126131
-3.2640	0.035495	0.080894	0.118700	0.126021
-3.2480	0.036024	0.081599	0.119183	0.125909
-3.2320	0.036561	0.082307	0.119665	0.125795
-3.2160	0.037105	0.083020	0.120146	0.125678
-3.2000	0.037657	0.083737	0.120625	0.125559
-3.1840	0.038216	0.084458	0.121103	0.125437
-3.1680	0.038783	0.085182	0.121580	0.125313
-3.1520	0.039357	0.085911	0.122055	0.125187
-3.1360	0.039939	0.086643	0.122529	0.125058
-3.1200	0.040529	0.087379	0.123001	0.124927
-3.1040	0.041126	0.088119	0.123472	0.124793
-3.0880	0.041732	0.088863	0.123941	0.124657
-3.0720	0.042345	0.089611	0.124408	0.124519
-3.0560	0.042967	0.090362	0.124873	0.124378
-3.0400	0.043596	0.091117	0.125337	0.124235
-3.0240	0.044234	0.091875	0.125799	0.124090
-3.0080	0.044881	0.092638	0.126259	0.123942
-2.9920	0.045535	0.093404	0.126717	0.123792
-2.9760	0.046199	0.094173	0.127173	0.123639
-2.9600	0.046870	0.094946	0.127627	0.123485
-2.9440	0.047551	0.095722	0.128079	0.123327
-2.9280	0.048240	0.096502	0.128529	0.123168
-2.9120	0.048938	0.097285	0.128977	0.123006
-2.8960	0.049644	0.098071	0.129422	0.122842
-2.8800	0.050360	0.098860	0.129865	0.122675
-2.8640	0.051084	0.099653	0.130306	0.122506
-2.8480	0.051818	0.100449	0.130744	0.122335
-2.8320	0.052561	0.101248	0.131180	0.122161
-2.8160	0.053313	0.102050	0.131614	0.121986
-2.8000	0.054074	0.102855	0.132044	0.121808
-2.7840	0.054845	0.103663	0.132473	0.121627
-2.7680	0.055625	0.104474	0.132898	0.121444
-2.7520	0.056415	0.105288	0.133321	0.121259
-2.7360	0.057214	0.106104	0.133741	0.121072
-2.7200	0.058023	0.106924	0.134158	0.120882
-2.7040	0.058841	0.107745	0.134572	0.120691
-2.6880	0.059669	0.108570	0.134983	0.120497
-2.6720	0.060507	0.109396	0.135391	0.120300
-2.6560	0.061355	0.110226	0.135797	0.120102
-2.6400	0.062213	0.111057	0.136199	0.119901
-2.6240	0.063081	0.111891	0.136598	0.119698
-2.6080	0.063959	0.112727	0.136993	0.119492
-2.5920	0.064847	0.113565	0.137386	0.119285
-2.5760	0.065745	0.114405	0.137775	0.119075
-2.5600	0.066653	0.115247	0.138160	0.118863
-2.5440	0.067572	0.116091	0.138542	0.118649
-2.5280	0.068500	0.116937	0.138921	0.118433
-2.5120	0.069440	0.117785	0.139296	0.118215
-2.4960	0.070389	0.118634	0.139668	0.117994
-2.4800	0.071349	0.119484	0.140036	0.117771
-2.4640	0.072319	0.120336	0.140400	0.117547
-2.4480	0.073300	0.121190	0.140760	0.117320
-2.4320	0.074292	0.122044	0.141117	0.117090
-2.4160	0.075294	0.122900	0.141469	0.116859
-2.4000	0.076306	0.123757	0.141818	0.116626
-2.3840	0.077329	0.124614	0.142163	0.116390
-2.3680	0.078363	0.125473	0.142503	0.116153
-2.3520	0.079407	0.126332	0.142840	0.115913
-2.3360	0.080462	0.127192	0.143172	0.115672
-2.3200	0.081528	0.128053	0.143500	0.115428
-2.3040	0.082604	0.128914	0.143824	0.115182
-2.2880	0.083691	0.129775	0.144144	0.114934
-2.2720	0.084789	0.130636	0.144459	0.114685
-2.2560	0.085897	0.131498	0.144770	0.114433
-2.2400	0.087016	0.132359	0.145076	0.114179
-2.2240	0.088146	0.133220	0.145378	0.113923
-2.2080	0.089286	0.134081	0.145675	0.113666
-2.1920	0.090437	0.134942	0.145967	0.113406
-2.1760	0.091599	0.135802	0.146255	0.113144
-2.1600	0.092771	0.136662	0.146538	0.112881
-2.1440	0.093954	0.137520	0.146817	0.112615
-2.1280	0.095147	0.138378	0.147090	0.112348
-2.1120	0.096350	0.139235	0.147359	0.112078
-2.0960	0.097564	0.140091	0.147623	0.111807
-2.0800	0.098789	0.140945	0.147881	0.111534
-2.0640	0.100023	0.141798	0.148135	0.111259
-2.0480	0.101268	0.142649	0.148384	0.110982
-2.0320	0.102524	0.143499	0.148627	0.110704
-2.0160	0.103789	0.144347	0.148865	0.110423
-2.0000	0.105064	0.145193	0.149098	0.110141
-1.9840	0.106349	0.146037	0.149326	0.109857
-1.9680	0.107644	0.146879	0.149549	0.109572
-1.9520	0.108949	0.147718	0.149766	0.109284
-1.9360	0.110264	0.148554	0.149977	0.108995
-1.9200	0.111588	0.149388	0.150184	0.108704
-1.9040	0.112921	0.150220	0.150384	0.108411
-1.8880	0.114264	0.151048	0.150579	0.108117
-1.8720	0.115616	0.151873	0.150769	0.107820
-1.8560	0.116978	0.152695	0.150953	0.107523
-1.8400	0.118348	0.153513	0.151131	0.107223
-1.8240	0.119727	0.154328	0.151304	0.106922
-1.8080	0.121114	0.155139	0.151471	0.106619
-1.7920	0.122510	0.155946	0.151632	0.106315
-1.7760	0.123914	0.156749	0.151787	0.106009
-1.7600	0.125327	0.157548	0.151936	0.105702
-1.7440	0.126747	0.158343	0.152080	0.105393
-1.7280	0.128176	0.159133	0.152217	0.105082
-1.7120	0.129612	0.159918	0.152349	0.104770
-1.6960	0.131055	0.160699	0.152475	0.104456
-1.6800	0.132505	0.161474	0.152594	0.104141
-1.6640	0.133963	0.162245	0.152707	0.103825
-1.6480	0.135427	0.163010	0.152815	0.103506
-1.6320	0.136898	0.163769	0.152916	0.103187
-1.6160	0.138375	0.164523	0.153011	0.102866
-1.6000	0.139858	0.165271	0.153100	0.102544
-1.5840	0.141346	0.166014	0.153182	0.102220
-1.5680	0.142841	0.166749	0.153258	0.101895
-1.5520	0.144340	0.167479	0.153328	0.101568
-1.5360	0.145845	0.168202	0.153392	0.101240
-1.5200	0.147354	0.168919	0.153449	0.100911
-1.5040	0.148868	0.169629	0.153500	0.100580
-1.4880	0.150385	0.170331	0.153545	0.100249
-1.4720	0.151907	0.171027	0.153583	0.099915
-1.4560	0.153432	0.171715	0.153614	0.099581
-1.4400	0.154960	0.172396	0.153639	0.099245
-1.4240	0.156491	0.173069	0.153658	0.098909
-1.4080	0.158024	0.173735	0.153670	0.098571
-1.3920	0.159559	0.174392	0.153676	0.098231
-1.3760	0.161097	0.175042	0.153675	0.097891
-1.3600	0.162635	0.175683	0.153667	0.097549
-1.3440	0.164175	0.176316	0.153653	0.097207
-1.3280	0.165715	0.176940	0.153633	0.096863
-1.3120	0.167256	0.177555	0.153605	0.096518
-1.2960	0.168796	0.178161	0.153571	0.096172
-1.2800	0.170336	0.178758	0.153531	0.095825
-1.2640	0.171875	0.179346	0.153484	0.095477
-1.2480	0.173413	0.179925	0.153430	0.095128
-1.2320	0.174949	0.180494	0.153369	0.094777
-1.2160	0.176483	0.181053	0.153302	0.094426
-1.2000	0.178014	0.181603	0.153228	0.094074
-1.1840	0.179542	0.182142	0.153147	0.093721
-1.1680	0.181066	0.182672	0.153060	0.093367
-1.1520	0.182587	0.183191	0.152966	0.093012
-1.1360	0.184103	0.183699	0.152865	0.092656
-1.1200	0.185614	0.184197	0.152758	0.092300
-1.1040	0.187120	0.184684	0.152644	0.091942
-1.0880	0.188620	0.185160	0.152523	0.091584
-1.0720	0.190114	0.185626	0.152395	0.091225
-1.0560	0.191601	0.186080	0.152261	0.090865
-1.0400	0.193080	0.186522	0.152120	0.090504
-1.0240	0.194552	0.186953	0.151973	0.090142
-1.0080	0.196015	0.187373	0.151818	0.089780
-0.9920	0.197470	0.187781	0.151657	0.089417
-0.9760	0.198915	0.188177	0.151490	0.089053
-0.9600	0.200351	0.188561	0.151315	0.088689
-0.9440	0.201776	0.188933	0.151134	0.088324
-0.9280	0.203191	0.189293	0.150947	0.087958
-0.9120	0.204594	0.189640	0.150753	0.087592
-0.8960	0.205985	0.189975	0.150552	0.087225
-0.8800	0.207364	0.190298	0.150344	0.086857
-0.8640	0.208730	0.190608	0.150130	0.086489
-0.8480	0.210082	0.190905	0.149910	0.086120
-0.8320	0.211420	0.191189	0.149682	0.085751
-0.8160	0.212744	0.191460	0.149449	0.085381
-0.8000	0.214053	0.191718	0.149209	0.085011
-0.7840	0.215347	0.191963	0.148962	0.084640
-0.7680	0.216624	0.192194	0.148709	0.084269
-0.7520	0.217885	0.192412	0.148449	0.083898
-0.7360	0.219129	0.192617	0.148183	0.083526
-0.7200	0.220355	0.192808	0.147911	0.083153
-0.7040	0.221563	0.192986	0.147632	0.082780
-0.6880	0.222752	0.193150	0.147347	0.082407
-0.6720	0.223922	0.193300	0.147056	0.082034
-0.6560	0.225073	0.193436	0.146758	0.081660
-0.6400	0.226203	0.193559	0.146454	0.081286
-0.6240	0.227313	0.193667	0.146144	0.080911
-0.6080	0.228402	0.193762	0.145828	0.080537
-0.5920	0.229469	0.193842	0.145505	0.080162
-0.5760	0.230514	0.193908	0.145177	0.079786
-0.5600	0.231536	0.193960	0.144842	0.079411
-0.5440	0.232535	0.193998	0.144502	0.079035
-0.5280	0.233511	0.194022	0.144155	0.078660
-0.5120	0.234463	0.194031	0.143802	0.078284
-0.4960	0.235391	0.194026	0.143444	0.077908
-0.4800	0.236294	0.194007	0.143080	0.077532
-0.4640	0.237172	0.193973	0.142709	0.077155
-0.4480	0.238024	0.193925	0.142333	0.076779
-0.4320	0.238850	0.193863	0.141952	0.076403
-0.4160	0.239649	0.193786	0.141564	0.076026
-0.4000	0.240422	0.193695	0.141171	0.075650
-0.3840	0.241168	0.193589	0.140773	0.075273
-0.3680	0.241886	0.193469	0.140369	0.074897
-0.3520	0.242576	0.193335	0.139959	0.074520
-0.3360	0.243238	0.193186	0.139544	0.074144
-0.3200	0.243871	0.193022	0.139123	0.073767
-0.3040	0.244476	0.192845	0.138697	0.073391
-0.2880	0.245051	0.192653	0.138266	0.073015
-0.2720	0.245597	0.192446	0.137830	0.072639
-0.2560	0.246113	0.192226	0.137388	0.072263
-0.2400	0.246600	0.191991	0.136941	0.071887
-0.2240	0.247056	0.191742	0.136490	0.071512
-0.2080	0.247481	0.191479	0.136033	0.071136
-0.1920	0.247876	0.191201	0.135571	0.070761
-0.1760	0.248240	0.190910	0.135104	0.070386
-0.1600	0.248574	0.190604	0.134633	0.070011
-0.1440	0.248875	0.190285	0.134156	0.069637
-0.1280	0.249146	0.189952	0.133675	0.069263
-0.1120	0.249385	0.189605	0.133190	0.068889
-0.0960	0.249592	0.189244	0.132699	0.068515
-0.0800	0.249768	0.188869	0.132204	0.068142
-0.0640	0.249912	0.188481	0.131705	0.067769
-0.0480	0.250024	0.188079	0.131201	0.067397
-0.0320	0.250104	0.187664	0.130693	0.067024
-0.0160	0.250152	0.187236	0.130181	0.066653
0.0000	0.250168	0.186794	0.129664	0.066281
0.0160	0.250152	0.186339	0.129144	0.065910
0.0320	0.250104	0.185871	0.128619	0.065540
0.0480	0.250024	0.185390	0.128090	0.065170
0.0640	0.249912	0.184897	0.127557	0.064800
0.0800	0.249768	0.184390	0.127021	0.064431
0.0960	0.249592	0.183871	0.126480	0.064062
0.1120	0.249385	0.183340	0.125936	0.063694
0.1280	0.249146	0.182796	0.125388	0.063327
0.1440	0.248875	0.182240	0.124837	0.062960
0.1600	0.248574	0.181672	0.124282	0.062593
0.1760	0.248240	0.181091	0.123723	0.062228
0.1920	0.247876	0.180499	0.123161	0.061862
0.2080	0.247481	0.179896	0.122596	0.061498
0.2240	0.247056	0.179280	0.122028	0.061134
0.2400	0.246600	0.178654	0.121456	0.060770
0.2560	0.246113	0.178016	0.120881	0.060407
0.2720	0.245597	0.177366	0.120304	0.060045
0.2880	0.245051	0.176706	0.119723	0.059684
0.3040	0.244476	0.176035	0.119139	0.059323
0.3200	0.243871	0.175354	0.118553	0.058963
0.3360	0.243238	0.174662	0.117964	0.058604
0.3520	0.242576	0.173959	0.117372	0.058246
0.3680	0.241886	0.173247	0.116778	0.057888
0.3840	0.241168	0.172524	0.116181	0.057531
0.4000	0.240422	0.171792	0.115581	0.057175
0.4160	0.239649	0.171050	0.114980	0.056819
0.4320	0.238850	0.170298	0.114376	0.056465
0.4480	0.238024	0.169537	0.113769	0.056111
0.4640	0.237172	0.168767	0.113161	0.055758
0.4800	0.236294	0.167988	0.112550	0.055406
0.4960	0.235391	0.167201	0.111938	0.055055
0.5120	0.234463	0.166404	0.111323	0.054704
0.5280	0.233511	0.165599	0.110707	0.054355
0.5440	0.232535	0.164786	0.110089	0.054006
0.5600	0.231536	0.163965	0.109469	0.053658
0.5760	0.230514	0.163136	0.108848	0.053312
0.5920	0.229469	0.162300	0.108225	0.052966
0.6080	0.228402	0.161455	0.107601	0.052621
0.6240	0.227313	0.160604	0.106975	0.052277
0.6400	0.226203	0.159745	0.106347	0.051934
0.6560	0.225073	0.158880	0.105719	0.051592
0.6720	0.223922	0.158008	0.105089	0.051251
0.6880	0.222752	0.157129	0.104459	0.050911
0.7040	0.221563	0.156244	0.103827	0.050572
0.7200	0.220355	0.155353	0.103194	0.050234
0.7360	0.219129	0.154455	0.102560	0.049897
0.7520	0.217885	0.153552	0.101926	0.049561
0.7680	0.216624	0.152644	0.101290	0.049226
0.7840	0.215347	0.151730	0.100654	0.048892
0.8000	0.214053	0.150811	0.100017	0.048559
0.8160	0.212744	0.149886	0.099380	0.048227
0.8320	0.211420	0.148958	0.098743	0.047897
0.8480	0.210082	0.148024	0.098104	0.047567
0.8640	0.208730	0.147086	0.097466	0.047239
0.8800	0.207364	0.146144	0.096827	0.046912
0.8960	0.205985	0.145198	0.096188	0.046585
0.9120	0.204594	0.144247	0.095549	0.046260
0.9280	0.203191	0.143294	0.094910	0.045936
0.9440	0.201776	0.142336	0.094271	0.045614
0.9600	0.200351	0.141376	0.093631	0.045292
0.9760	0.198915	0.140412	0.092992	0.044972
0.9920	0.197470	0.139446	0.092354	0.044652
1.0080	0.196015	0.138477	0.091715	0.044334
1.0240	0.194552	0.137505	0.091077	0.044018
1.0400	0.193080	0.136531	0.090439	0.043702
1.0560	0.191601	0.135555	0.089801	0.043387
1.0720	0.190114	0.134576	0.089164	0.043074
1.0880	0.188620	0.133596	0.088528	0.042762
1.1040	0.187120	0.132615	0.087892	0.042451
1.1200	0.185614	0.131631	0.087257	0.042142
1.1360	0.184103	0.130647	0.086622	0.041834
1.1520	0.182587	0.129662	0.085989	0.041526
1.1680	0.181066	0.128675	0.085356	0.041221
1.1840	0.179542	0.127688	0.084724	0.040916
1.2000	0.178014	0.126700	0.084093	0.040613
1.2160	0.176483	0.125712	0.083463	0.040311
1.2320	0.174949	0.124723	0.082835	0.040010
1.2480	0.173413	0.123735	0.082207	0.039711
1.2640	0.171875	0.122746	0.081581	0.039412
1.2800	0.170336	0.121758	0.080956	0.039116
1.2960	0.168796	0.120770	0.080332	0.038820
1.3120	0.167256	0.119783	0.079709	0.038526
1.3280	0.165715	0.118796	0.079088	0.038233
1.3440	0.164175	0.117810	0.078469	0.037941
1.3600	0.162635	0.116825	0.077851	0.037651
1.3760	0.161097	0.115842	0.077234	0.037362
1.3920	0.159559	0.114859	0.076619	0.037074
1.4080	0.158024	0.113878	0.076006	0.036788
1.4240	0.156491	0.112899	0.075394	0.036503
1.4400	0.154960	0.111921	0.074784	0.036219
1.4560	0.153432	0.110945	0.074176	0.035937
1.4720	0.151907	0.109972	0.073570	0.035656
1.4880	0.150385	0.109000	0.072966	0.035377
1.5040	0.148868	0.108030	0.072363	0.035098
1.5200	0.147354	0.107063	0.071763	0.034822
1.5360	0.145845	0.106098	0.071165	0.034546
1.5520	0.144340	0.105136	0.070568	0.034272
1.5680	0.142841	0.104177	0.069974	0.033999
1.5840	0.141346	0.103221	0.069382	0.033728
1.6000	0.139858	0.102267	0.068792	0.033458
1.6160	0.138375	0.101317	0.068204	0.033189
1.6320	0.136898	0.100370	0.067619	0.032922
1.6480	0.135427	0.099426	0.067036	0.032656
1.6640	0.133963	0.098485	0.066455	0.032392
1.6800	0.132505	0.097548	0.065876	0.032129
1.6960	0.131055	0.096615	0.065300	0.031867
1.7120	0.129612	0.095685	0.064727	0.031607
1.7280	0.128176	0.094759	0.064156	0.031348
1.7440	0.126747	0.093837	0.063587	0.031090
1.7600	0.125327	0.092919	0.063021	0.030834
1.7760	0.123914	0.092006	0.062457	0.030579
1.7920	0.122510	0.091096	0.061896	0.030326
1.8080	0.121114	0.090190	0.061338	0.030074
1.8240	0.119727	0.089289	0.060782	0.029824
1.8400	0.118348	0.088392	0.060229	0.029575
1.8560	0.116978	0.087500	0.059678	0.029327
1.8720	0.115616	0.086613	0.059131	0.029080
1.8880	0.114264	0.085730	0.058586	0.028836
1.9040	0.112921	0.084851	0.058044	0.028592
1.9200	0.111588	0.083978	0.057504	0.028350
1.9360	0.110264	0.083109	0.056968	0.028109
1.9520	0.108949	0.082245	0.056434	0.027870
1.9680	0.107644	0.081386	0.055903	0.027632
1.9840	0.106349	0.080532	0.055375	0.027396
2.0000	0.105064	0.079684	0.054850	0.027161
2.0160	0.103789	0.078840	0.054328	0.026927
2.0320	0.102524	0.078002	0.053809	0.026695
2.0480	0.101268	0.077168	0.053293	0.026464
2.0640	0.100023	0.076340	0.052780	0.026234
2.0800	0.098789	0.075518	0.052269	0.026006
2.0960	0.097564	0.074701	0.051762	0.025779
2.1120	0.096350	0.073889	0.051258	0.025554
2.1280	0.095147	0.073083	0.050757	0.025330
2.1440	0.093954	0.072282	0.050259	0.025108
2.1600	0.092771	0.071486	0.049764	0.024887
2.1760	0.091599	0.070697	0.049272	0.024667
2.1920	0.090437	0.069913	0.048783	0.024449
2.2080	0.089286	0.069134	0.048297	0.024232
2.2240	0.088146	0.068361	0.047815	0.024016
2.2400	0.087016	0.067594	0.047335	0.023802
2.2560	0.085897	0.066832	0.046859	0.023589
2.2720	0.084789	0.066077	0.046386	0.023378
2.2880	0.083691	0.065327	0.045916	0.023168
2.3040	0.082604	0.064582	0.045449	0.022959
2.3200	0.081528	0.063844	0.044985	0.022752
2.3360	0.080462	0.063111	0.044525	0.022546
2.3520	0.079407	0.062384	0.044068	0.022341
2.3680	0.078363	0.061663	0.043613	0.022138
2.3840	0.077329	0.060948	0.043162	0.021936
2.4000	0.076306	0.060239	0.042715	0.021736
2.4160	0.075294	0.059535	0.042270	0.021537
2.4320	0.074292	0.058838	0.041829	0.021339
2.4480	0.073300	0.058146	0.041391	0.021143
2.4640	0.072319	0.057460	0.040956	0.020948
2.4800	0.071349	0.056780	0.040524	0.020754
2.4960	0.070389	0.056106	0.040096	0.020562
2.5120	0.069440	0.055438	0.039670	0.020371
2.5280	0.068500	0.054775	0.039248	0.020181
2.5440	0.067572	0.054119	0.038829	0.019993
2.5600	0.066653	0.053468	0.038414	0.019806
2.5760	0.065745	0.052823	0.038001	0.019620
2.5920	0.064847	0.052184	0.037592	0.019436
2.6080	0.063959	0.051551	0.037186	0.019253
2.6240	0.063081	0.050924	0.036783	0.019071
2.6400	0.062213	0.050302	0.036383	0.018891
2.6560	0.061355	0.049686	0.035987	0.018712
2.6720	0.060507	0.049076	0.035594	0.018534
2.6880	0.059669	0.048472	0.035204	0.018357
2.7040	0.058841	0.047874	0.034817	0.018182
2.7200	0.058023	0.047281	0.034433	0.018008
2.7360	0.057214	0.046694	0.034052	0.017835
2.7520	0.056415	0.046113	0.033675	0.017664
2.7680	0.055625	0.045538	0.033301	0.017494
2.7840	0.054845	0.044968	0.032930	0.017325
2.8000	0.054074	0.044404	0.032562	0.017158
2.8160	0.053313	0.043845	0.032197	0.016991
2.8320	0.052561	0.043292	0.031835	0.016826
2.8480	0.051818	0.042745	0.031477	0.016663
2.8640	0.051084	0.042203	0.031121	0.016500
2.8800	0.050360	0.041667	0.030769	0.016339
2.8960	0.049644	0.041136	0.030419	0.016179
2.9120	0.048938	0.040611	0.030073	0.016020
2.9280	0.048240	0.040091	0.029730	0.015862
2.9440	0.047551	0.039577	0.029390	0.015706
2.9600	0.046870	0.039068	0.029053	0.015551
2.9760	0.046199	0.038564	0.028719	0.015397
2.9920	0.045535	0.038066	0.028388	0.015244
3.0080	0.044881	0.037573	0.028060	0.015093
3.0240	0.044234	0.037086	0.027735	0.014942
3.0400	0.043596	0.036603	0.027413	0.014793
3.0560	0.042967	0.036126	0.027094	0.014645
3.0720	0.042345	0.035654	0.026778	0.014499
3.0880	0.041732	0.035188	0.026464	0.014353
3.1040	0.041126	0.034726	0.026154	0.014209
3.1200	0.040529	0.034270	0.025847	0.014066
3.1360	0.039939	0.033818	0.025543	0.013924
3.1520	0.039357	0.033372	0.025241	0.013783
3.1680	0.038783	0.032930	0.024942	0.013643
3.1840	0.038216	0.032494	0.024647	0.013504
3.2000	0.037657	0.032062	0.024354	0.013367
3.2160	0.037105	0.031636	0.024064	0.013230
3.2320	0.036561	0.031214	0.023777	0.013095
3.2480	0.036024	0.030797	0.023492	0.012961
3.2640	0.035495	0.030385	0.023210	0.012828
3.2800	0.034972	0.029977	0.022932	0.012696
3.2960	0.034457	0.029575	0.022655	0.012566
3.3120	0.033948	0.029176	0.022382	0.012436
3.3280	0.033447	0.028783	0.022111	0.012308
3.3440	0.032952	0.028394	0.021843	0.012180
3.3600	0.032464	0.028010	0.021578	0.012054
3.3760	0.031983	0.027630	0.021316	0.011928
3.3920	0.031508	0.027255	0.021056	0.011804
3.4080	0.031040	0.026884	0.020799	0.011681
3.4240	0.030579	0.026518	0.020544	0.011559
3.4400	0.030123	0.026156	0.020292	0.011438
3.4560	0.029675	0.025799	0.020043	0.011318
3.4720	0.029232	0.025445	0.019796	0.011199
3.4880	0.028795	0.025096	0.019551	0.011081
3.5040	0.028365	0.024752	0.019310	0.010964
3.5200	0.027941	0.024411	0.019070	0.010848
3.5360	0.027522	0.024074	0.018834	0.010734
3.5520	0.027110	0.023742	0.018600	0.010620
3.5680	0.026703	0.023414	0.018368	0.010507
3.5840	0.026302	0.023090	0.018139	0.010395
3.6000	0.025907	0.022770	0.017912	0.010284
3.6160	0.025517	0.022453	0.017687	0.010174
3.6320	0.025133	0.022141	0.017465	0.010066
3.6480	0.024754	0.021833	0.017246	0.009958
3.6640	0.024381	0.021528	0.017029	0.009851
3.6800	0.024013	0.021227	0.016814	0.009745
3.6960	0.023651	0.020931	0.016601	0.009640
3.7120	0.023293	0.020637	0.016391	0.009536
3.7280	0.022941	0.020348	0.016183	0.009433
3.7440	0.022593	0.020062	0.015977	0.009331
3.7600	0.022251	0.019780	0.015774	0.009230
3.7760	0.021914	0.019501	0.015573	0.009129
3.7920	0.021581	0.019226	0.015374	0.009030
3.8080	0.021254	0.018955	0.015177	0.008932
3.8240	0.020931	0.018687	0.014983	0.008834
3.8400	0.020612	0.018422	0.014790	0.008737
3.8560	0.020299	0.018161	0.014600	0.008642
3.8720	0.019990	0.017903	0.014412	0.008547
3.8880	0.019685	0.017649	0.014226	0.008453
3.9040	0.019385	0.017398	0.014042	0.008360
3.9200	0.019089	0.017150	0.013861	0.008268
3.9360	0.018798	0.016905	0.013681	0.008176
3.9520	0.018511	0.016664	0.013503	0.008086
3.9680	0.018228	0.016426	0.013328	0.007996
3.9840	0.017949	0.016191	0.013154	0.007908
4.0000	0.017675	0.015959	0.012983	0.007820
4.0160	0.017404	0.015730	0.012813	0.007733
4.0320	0.017137	0.015504	0.012645	0.007647
4.0480	0.016875	0.015281	0.012480	0.007561
4.0640	0.016616	0.015061	0.012316	0.007477
4.0800	0.016361	0.014844	0.012154	0.007393
4.0960	0.016110	0.014630	0.011994	0.007310
4.1120	0.015862	0.014419	0.011836	0.007228
4.1280	0.015618	0.014210	0.011680	0.007146
4.1440	0.015378	0.014005	0.011525	0.007066
4.1600	0.015142	0.013802	0.011373	0.006986
4.1760	0.014909	0.013602	0.011222	0.006907
4.1920	0.014679	0.013404	0.011073	0.006829
4.2080	0.014453	0.013209	0.010926	0.006751
4.2240	0.014230	0.013017	0.010780	0.006675
4.2400	0.014011	0.012828	0.010637	0.006599
4.2560	0.013794	0.012641	0.010495	0.006524
4.2720	0.013582	0.012457	0.010355	0.006449
4.2880	0.013372	0.012275	0.010216	0.006376
4.3040	0.013165	0.012095	0.010079	0.006303
4.3200	0.012962	0.011919	0.009944	0.006231
4.3360	0.012761	0.011744	0.009810	0.006159
4.3520	0.012564	0.011572	0.009678	0.006088
4.3680	0.012369	0.011402	0.009548	0.006018
4.3840	0.012178	0.011235	0.009419	0.005949
4.4000	0.011989	0.011070	0.009292	0.005880
4.4160	0.011804	0.010907	0.009166	0.005812
4.4320	0.011621	0.010747	0.009042	0.005745
4.4480	0.011440	0.010588	0.008920	0.005678
4.4640	0.011263	0.010432	0.008798	0.005613
4.4800	0.011088	0.010279	0.008679	0.005547
4.4960	0.010916	0.010127	0.008561	0.005483
4.5120	0.010747	0.009977	0.008444	0.005419
4.5280	0.010580	0.009830	0.008329	0.005356
4.5440	0.010415	0.009684	0.008215	0.005293
4.5600	0.010253	0.009541	0.008103	0.005231
4.5760	0.010094	0.009399	0.007992	0.005170
4.5920	0.009937	0.009260	0.007883	0.005109
4.6080	0.009782	0.009122	0.007774	0.005049
4.6240	0.009630	0.008987	0.007668	0.004990
4.6400	0.009480	0.008853	0.007562	0.004931
4.6560	0.009333	0.008722	0.007458	0.004873
4.6720	0.009187	0.008592	0.007355	0.004815
4.6880	0.009044	0.008464	0.007254	0.004758
4.7040	0.008903	0.008338	0.007154	0.004702
4.7200	0.008764	0.008213	0.007055	0.004646
4.7360	0.008628	0.008091	0.006957	0.004591
4.7520	0.008493	0.007970	0.006861	0.004536
4.7680	0.008360	0.007851	0.006766	0.004482
4.7840	0.008230	0.007733	0.006672	0.004429
4.8000	0.008101	0.007617	0.006579	0.004376
4.8160	0.007975	0.007503	0.006487	0.004324
4.8320	0.007850	0.007391	0.006397	0.004272
4.8480	0.007728	0.007280	0.006308	0.004221
4.8640	0.007607	0.007171	0.006220	0.004170
4.8800	0.007488	0.007063	0.006133	0.004120
4.8960	0.007371	0.006957	0.006047	0.004071
4.9120	0.007256	0.006852	0.005963	0.004022
4.9280	0.007142	0.006749	0.005879	0.003973
4.9440	0.007030	0.006648	0.005797	0.003925
4.9600	0.006920	0.006548	0.005715	0.003878
4.9760	0.006812	0.006449	0.005635	0.003831
4.9920	0.006705	0.006352	0.005556	0.003784
5.0080	0.006600	0.006256	0.005477	0.003738
5.0240	0.006497	0.006161	0.005400	0.003693
5.0400	0.006395	0.006068	0.005324	0.003648
5.0560	0.006295	0.005977	0.005249	0.003604
5.0720	0.006196	0.005886	0.005175	0.003560
5.0880	0.006099	0.005797	0.005101	0.003516
5.1040	0.006003	0.005709	0.005029	0.003473
5.1200	0.005909	0.005623	0.004958	0.003431
5.1360	0.005816	0.005538	0.004888	0.003389
5.1520	0.005725	0.005454	0.004818	0.003347
5.1680	0.005635	0.005371	0.004750	0.003306
5.1840	0.005547	0.005290	0.004682	0.003266
5.2000	0.005460	0.005209	0.004616	0.003225
5.2160	0.005374	0.005130	0.004550	0.003186
5.2320	0.005290	0.005052	0.004485	0.003146
5.2480	0.005207	0.004975	0.004421	0.003107
5.2640	0.005125	0.004900	0.004358	0.003069
5.2800	0.005044	0.004825	0.004296	0.003031
5.2960	0.004965	0.004752	0.004234	0.002994
5.3120	0.004887	0.004679	0.004174	0.002956
5.3280	0.004810	0.004608	0.004114	0.002920
5.3440	0.004735	0.004538	0.004055	0.002883
5.3600	0.004660	0.004468	0.003997	0.002848
5.3760	0.004587	0.004400	0.003939	0.002812
5.3920	0.004515	0.004333	0.003883	0.002777
5.4080	0.004444	0.004267	0.003827	0.002742
5.4240	0.004374	0.004202	0.003772	0.002708
5.4400	0.004305	0.004137	0.003717	0.002674
5.4560	0.004237	0.004074	0.003664	0.002641
5.4720	0.004171	0.004012	0.003611	0.002608
5.4880	0.004105	0.003950	0.003559	0.002575
5.5040	0.004040	0.003890	0.003507	0.002542
5.5200	0.003977	0.003830	0.003457	0.002510
5.5360	0.003914	0.003772	0.003407	0.002479
5.5520	0.003852	0.003714	0.003357	0.002448
5.5680	0.003792	0.003657	0.003309	0.002417
5.5840	0.003732	0.003601	0.003261	0.002386
5.6000	0.003673	0.003545	0.003213	0.002356
5.6160	0.003615	0.003491	0.003167	0.002326
5.6320	0.003558	0.003437	0.003121	0.002297
5.6480	0.003502	0.003385	0.003075	0.002268
5.6640	0.003447	0.003332	0.003030	0.002239
5.6800	0.003393	0.003281	0.002986	0.002210
5.6960	0.003339	0.003231	0.002943	0.002182
5.7120	0.003287	0.003181	0.002900	0.002154
5.7280	0.003235	0.003132	0.002858	0.002127
5.7440	0.003184	0.003084	0.002816	0.002100
5.7600	0.003133	0.003036	0.002775	0.002073
5.7760	0.003084	0.002990	0.002734	0.002046
5.7920	0.003035	0.002943	0.002694	0.002020
5.8080	0.002987	0.002898	0.002655	0.001994
5.8240	0.002940	0.002853	0.002616	0.001969
5.8400	0.002894	0.002809	0.002577	0.001944
5.8560	0.002848	0.002766	0.002540	0.001919
5.8720	0.002803	0.002723	0.002502	0.001894
5.8880	0.002759	0.002681	0.002466	0.001870
5.9040	0.002716	0.002640	0.002429	0.001845
5.9200	0.002673	0.002599	0.002394	0.001822
5.9360	0.002630	0.002559	0.002358	0.001798
5.9520	0.002589	0.002519	0.002324	0.001775
5.9680	0.002548	0.002480	0.002290	0.001752
5.9840	0.002508	0.002442	0.002256	0.001729
6.0000	0.002468	0.002404	0.002222	0.001707
6.0160	0.002429	0.002367	0.002190	0.001685
6.0320	0.002391	0.002330	0.002157	0.001663
6.0480	0.002353	0.002294	0.002125	0.001641
6.0640	0.002316	0.002259	0.002094	0.001620
6.0800	0.002279	0.002224	0.002063	0.001599
6.0960	0.002243	0.002189	0.002033	0.001578
6.1120	0.002208	0.002155	0.002002	0.001557
6.1280	0.002173	0.002122	0.001973	0.001537
6.1440	0.002139	0.002089	0.001944	0.001517
6.1600	0.002105	0.002057	0.001915	0.001497
6.1760	0.002072	0.002025	0.001886	0.001478
6.1920	0.002039	0.001993	0.001858	0.001458
6.2080	0.002007	0.001962	0.001831	0.001439
6.2240	0.001975	0.001932	0.001804	0.001420
6.2400	0.001944	0.001902	0.001777	0.001402
6.2560	0.001913	0.001872	0.001750	0.001383
6.2720	0.001883	0.001843	0.001724	0.001365
6.2880	0.001853	0.001814	0.001699	0.001347
6.3040	0.001824	0.001786	0.001673	0.001329
6.3200	0.001795	0.001758	0.001648	0.001312
6.3360	0.001766	0.001731	0.001624	0.001294
6.3520	0.001738	0.001704	0.001599	0.001277
6.3680	0.001711	0.001678	0.001576	0.001260
6.3840	0.001684	0.001652	0.001552	0.001244
6.4000	0.001657	0.001626	0.001529	0.001227
6.4160	0.001631	0.001600	0.001506	0.001211
6.4320	0.001605	0.001576	0.001483	0.001195
6.4480	0.001580	0.001551	0.001461	0.001179
6.4640	0.001555	0.001527	0.001439	0.001163
6.4800	0.001530	0.001503	0.001418	0.001148
6.4960	0.001506	0.001480	0.001397	0.001133
6.5120	0.001482	0.001457	0.001376	0.001117
6.5280	0.001459	0.001434	0.001355	0.001103
6.5440	0.001436	0.001411	0.001335	0.001088
6.5600	0.001413	0.001389	0.001315	0.001073
6.5760	0.001390	0.001368	0.001295	0.001059
6.5920	0.001368	0.001346	0.001275	0.001045
6.6080	0.001347	0.001325	0.001256	0.001031
6.6240	0.001325	0.001305	0.001237	0.001017
6.6400	0.001304	0.001284	0.001219	0.001003
6.6560	0.001284	0.001264	0.001200	0.000990
6.6720	0.001264	0.001244	0.001182	0.000977
6.6880	0.001244	0.001225	0.001165	0.000964
6.7040	0.001224	0.001206	0.001147	0.000951
6.7200	0.001204	0.001187	0.001130	0.000938
6.7360	0.001185	0.001168	0.001113	0.000925
6.7520	0.001167	0.001150	0.001096	0.000913
6.7680	0.001148	0.001132	0.001079	0.000900
6.7840	0.001130	0.001115	0.001063	0.000888
6.8000	0.001112	0.001097	0.001047	0.000876
6.8160	0.001094	0.001080	0.001031	0.000864
6.8320	0.001077	0.001063	0.001016	0.000853
6.8480	0.001060	0.001046	0.001000	0.000841
6.8640	0.001043	0.001030	0.000985	0.000830
6.8800	0.001027	0.001014	0.000970	0.000818
6.8960	0.001010	0.000998	0.000955	0.000807
6.9120	0.000994	0.000982	0.000941	0.000796
6.9280	0.000979	0.000967	0.000927	0.000786
6.9440	0.000963	0.000952	0.000913	0.000775
6.9600	0.000948	0.000937	0.000899	0.000764
6.9760	0.000933	0.000922	0.000885	0.000754
6.9920	0.000918	0.000908	0.000872	0.000744
7.0080	0.000904	0.000894	0.000859	0.000734
7.0240	0.000889	0.000880	0.000846	0.000724
7.0400	0.000875	0.000866	0.000833	0.000714
7.0560	0.000861	0.000852	0.000820	0.000704
7.0720	0.000848	0.000839	0.000808	0.000694
7.0880	0.000834	0.000826	0.000795	0.000685
7.1040	0.000821	0.000813	0.000783	0.000675
7.1200	0.000808	0.000800	0.000771	0.000666
7.1360	0.000795	0.000787	0.000760	0.000657
7.1520	0.000783	0.000775	0.000748	0.000648
7.1680	0.000770	0.000763	0.000737	0.000639
7.1840	0.000758	0.000751	0.000725	0.000630
7.2000	0.000746	0.000739	0.000714	0.000622
7.2160	0.000734	0.000728	0.000703	0.000613
7.2320	0.000723	0.000716	0.000693	0.000605
7.2480	0.000711	0.000705	0.000682	0.000596
7.2640	0.000700	0.000694	0.000672	0.000588
7.2800	0.000689	0.000683	0.000661	0.000580
7.2960	0.000678	0.000672	0.000651	0.000572
7.3120	0.000667	0.000662	0.000641	0.000564
7.3280	0.000656	0.000651	0.000632	0.000556
7.3440	0.000646	0.000641	0.000622	0.000549
7.3600	0.000636	0.000631	0.000612	0.000541
7.3760	0.000626	0.000621	0.000603	0.000533
7.3920	0.000616	0.000611	0.000594	0.000526
7.4080	0.000606	0.000602	0.000585	0.000519
7.4240	0.000596	0.000592	0.000576	0.000512
7.4400	0.000587	0.000583	0.000567	0.000505
7.4560	0.000578	0.000574	0.000558	0.000497
7.4720	0.000569	0.000565	0.000550	0.000491
7.4880	0.000560	0.000556	0.000541	0.000484
7.5040	0.000551	0.000547	0.000533	0.000477
7.5200	0.000542	0.000538	0.000525	0.000470
7.5360	0.000533	0.000530	0.000517	0.000464
7.5520	0.000525	0.000522	0.000509	0.000457
7.5680	0.000517	0.000513	0.000501	0.000451
7.5840	0.000508	0.000505	0.000493	0.000445
7.6000	0.000500	0.000497	0.000486	0.000438
7.6160	0.000492	0.000490	0.000478	0.000432
7.6320	0.000485	0.000482	0.000471	0.000426
7.6480	0.000477	0.000474	0.000464	0.000420
7.6640	0.000469	0.000467	0.000457	0.000414
7.6800	0.000462	0.000459	0.000450	0.000409
7.6960	0.000455	0.000452	0.000443	0.000403
7.7120	0.000447	0.000445	0.000436	0.000397
7.7280	0.000440	0.000438	0.000429	0.000392
7.7440	0.000433	0.000431	0.000423	0.000386
7.7600	0.000426	0.000424	0.000416	0.000381
7.7760	0.000420	0.000418	0.000410	0.000375
7.7920	0.000413	0.000411	0.000403	0.000370
7.8080	0.000406	0.000405	0.000397	0.000365
7.8240	0.000400	0.000398	0.000391	0.000360
7.8400	0.000394	0.000392	0.000385	0.000355
7.8560	0.000387	0.000386	0.000379	0.000350
7.8720	0.000381	0.000380	0.000373	0.000345
7.8880	0.000375	0.000374	0.000367	0.000340
7.9040	0.000369	0.000368	0.000362	0.000335
7.9200	0.000363	0.000362	0.000356	0.000330
7.9360	0.000358	0.000356	0.000351	0.000326
7.9520	0.000352	0.000351	0.000345	0.000321
7.9680	0.000346	0.000345	0.000340	0.000317
7.9840	0.000341	0.000340	0.000335	0.000312
8.0000	0.000335	0.000334	0.000330	0.000308
