% u = (E-Ec)/RT, phi_Langmuir, phi_Sips_n2, phi_Toth_t05, phi_Jovanovic, phi_Temkin_s3, phi_Freundlich_n05, phi_RP_beta06
% Generated by plot_energy_distributions.m on 16-Feb-2026 11:06:09
-8.0000	0.000000	0.008831	0.017992	0.000000	0.000000	0.002915	0.404902
-7.9840	0.000000	0.008900	0.018129	0.000000	0.000000	0.002938	0.402333
-7.9680	0.000000	0.008969	0.018267	0.000000	0.000000	0.002962	0.399782
-7.9520	0.000000	0.009038	0.018405	0.000000	0.000000	0.002986	0.397246
-7.9360	0.000000	0.009108	0.018545	0.000000	0.000000	0.003010	0.394727
-7.9200	0.000000	0.009178	0.018685	0.000000	0.000000	0.003034	0.392224
-7.9040	0.000000	0.009249	0.018827	0.000000	0.000000	0.003058	0.389737
-7.8880	0.000000	0.009321	0.018970	0.000000	0.000000	0.003083	0.387265
-7.8720	0.000000	0.009393	0.019113	0.000000	0.000000	0.003108	0.384810
-7.8560	0.000000	0.009465	0.019258	0.000000	0.000000	0.003133	0.382370
-7.8400	0.000000	0.009538	0.019403	0.000000	0.000000	0.003158	0.379946
-7.8240	0.000000	0.009612	0.019550	0.000000	0.000000	0.003183	0.377537
-7.8080	0.000000	0.009686	0.019698	0.000000	0.000000	0.003209	0.375144
-7.7920	0.000000	0.009761	0.019847	0.000000	0.000000	0.003235	0.372766
-7.7760	0.000000	0.009836	0.019996	0.000000	0.000000	0.003260	0.370404
-7.7600	0.000000	0.009912	0.020147	0.000000	0.000000	0.003287	0.368056
-7.7440	0.000000	0.009988	0.020299	0.000000	0.000000	0.003313	0.365723
-7.7280	0.000000	0.010065	0.020452	0.000000	0.000000	0.003340	0.363406
-7.7120	0.000000	0.010143	0.020606	0.000000	0.000000	0.003367	0.361103
-7.6960	0.000000	0.010221	0.020761	0.000000	0.000000	0.003394	0.358815
-7.6800	0.000000	0.010299	0.020918	0.000000	0.000000	0.003421	0.356541
-7.6640	0.000000	0.010379	0.021075	0.000000	0.000000	0.003448	0.354282
-7.6480	0.000000	0.010458	0.021233	0.000000	0.000000	0.003476	0.352038
-7.6320	0.000000	0.010539	0.021393	0.000000	0.000000	0.003504	0.349808
-7.6160	0.000000	0.010620	0.021554	0.000000	0.000000	0.003532	0.347592
-7.6000	0.000000	0.010701	0.021715	0.000000	0.000000	0.003560	0.345390
-7.5840	0.000000	0.010783	0.021878	0.000000	0.000000	0.003589	0.343202
-7.5680	0.000000	0.010866	0.022042	0.000000	0.000000	0.003618	0.341029
-7.5520	0.000000	0.010950	0.022207	0.000000	0.000000	0.003647	0.338869
-7.5360	0.000000	0.011034	0.022374	0.000000	0.000000	0.003676	0.336723
-7.5200	0.000000	0.011118	0.022541	0.000000	0.000000	0.003706	0.334591
-7.5040	0.000000	0.011203	0.022710	0.000000	0.000000	0.003735	0.332472
-7.4880	0.000000	0.011289	0.022879	0.000000	0.000000	0.003765	0.330367
-7.4720	0.000000	0.011376	0.023050	0.000000	0.000000	0.003796	0.328276
-7.4560	0.000000	0.011463	0.023222	0.000000	0.000000	0.003826	0.326198
-7.4400	0.000000	0.011550	0.023396	0.000000	0.000000	0.003857	0.324133
-7.4240	0.000000	0.011639	0.023570	0.000000	0.000000	0.003888	0.322081
-7.4080	0.000000	0.011728	0.023746	0.000000	0.000000	0.003919	0.320043
-7.3920	0.000000	0.011817	0.023923	0.000000	0.000000	0.003951	0.318017
-7.3760	0.000000	0.011908	0.024101	0.000000	0.000000	0.003982	0.316005
-7.3600	0.000000	0.011999	0.024280	0.000000	0.000000	0.004014	0.314005
-7.3440	0.000000	0.012090	0.024461	0.000000	0.000000	0.004047	0.312018
-7.3280	0.000000	0.012182	0.024642	0.000000	0.000000	0.004079	0.310044
-7.3120	0.000000	0.012275	0.024825	0.000000	0.000000	0.004112	0.308083
-7.2960	0.000000	0.012369	0.025010	0.000000	0.000000	0.004145	0.306134
-7.2800	0.000000	0.012463	0.025195	0.000000	0.000000	0.004178	0.304197
-7.2640	0.000000	0.012558	0.025382	0.000000	0.000000	0.004212	0.302273
-7.2480	0.000000	0.012654	0.025570	0.000000	0.000000	0.004246	0.300361
-7.2320	0.000000	0.012750	0.025759	0.000000	0.000000	0.004280	0.298462
-7.2160	0.000000	0.012847	0.025950	0.000000	0.000000	0.004314	0.296575
-7.2000	0.000000	0.012945	0.026141	0.000000	0.000000	0.004349	0.294699
-7.1840	0.000000	0.013043	0.026334	0.000000	0.000000	0.004384	0.292836
-7.1680	0.000000	0.013142	0.026529	0.000000	0.000000	0.004419	0.290985
-7.1520	0.000000	0.013242	0.026725	0.000000	0.000000	0.004454	0.289145
-7.1360	0.000000	0.013343	0.026922	0.000000	0.000000	0.004490	0.287317
-7.1200	0.000000	0.013444	0.027120	0.000000	0.000000	0.004526	0.285501
-7.1040	0.000000	0.013546	0.027319	0.000000	0.000000	0.004563	0.283697
-7.0880	0.000000	0.013649	0.027520	0.000000	0.000000	0.004599	0.281904
-7.0720	0.000000	0.013752	0.027723	0.000000	0.000000	0.004636	0.280122
-7.0560	0.000000	0.013856	0.027926	0.000000	0.000000	0.004673	0.278352
-7.0400	0.000000	0.013961	0.028131	0.000000	0.000000	0.004711	0.276594
-7.0240	0.000000	0.014067	0.028338	0.000000	0.000000	0.004749	0.274846
-7.0080	0.000000	0.014173	0.028545	0.000000	0.000000	0.004787	0.273110
-6.9920	0.000000	0.014280	0.028754	0.000000	0.000000	0.004825	0.271385
-6.9760	0.000000	0.014388	0.028965	0.000000	0.000000	0.004864	0.269671
-6.9600	0.000000	0.014497	0.029177	0.000000	0.000000	0.004903	0.267967
-6.9440	0.000000	0.014606	0.029390	0.000000	0.000000	0.004943	0.266275
-6.9280	0.000000	0.014716	0.029604	0.000000	0.000000	0.004982	0.264594
-6.9120	0.000000	0.014827	0.029820	0.000000	0.000000	0.005022	0.262923
-6.8960	0.000000	0.014939	0.030038	0.000000	0.000000	0.005063	0.261263
-6.8800	0.000000	0.015052	0.030256	0.000000	0.000000	0.005103	0.259614
-6.8640	0.000000	0.015165	0.030477	0.000000	0.000000	0.005144	0.257975
-6.8480	0.000000	0.015279	0.030698	0.000000	0.000000	0.005186	0.256347
-6.8320	0.000000	0.015394	0.030921	0.000000	0.000000	0.005227	0.254729
-6.8160	0.000000	0.015510	0.031146	0.000000	0.000000	0.005269	0.253121
-6.8000	0.000000	0.015626	0.031372	0.000000	0.000000	0.005312	0.251524
-6.7840	0.000000	0.015744	0.031599	0.000000	0.000000	0.005354	0.249937
-6.7680	0.000000	0.015862	0.031828	0.000000	0.000000	0.005397	0.248360
-6.7520	0.000000	0.015981	0.032058	0.000000	0.000000	0.005441	0.246793
-6.7360	0.000000	0.016101	0.032290	0.000000	0.000000	0.005484	0.245237
-6.7200	0.000000	0.016221	0.032523	0.000000	0.000000	0.005528	0.243690
-6.7040	0.000000	0.016343	0.032758	0.000000	0.000000	0.005573	0.242153
-6.6880	0.000000	0.016465	0.032994	0.000000	0.000000	0.005617	0.240626
-6.6720	0.000000	0.016588	0.033232	0.000000	0.000000	0.005663	0.239109
-6.6560	0.000000	0.016712	0.033471	0.000000	0.000000	0.005708	0.237601
-6.6400	0.000000	0.016837	0.033712	0.000000	0.000000	0.005754	0.236103
-6.6240	0.000000	0.016963	0.033954	0.000000	0.000000	0.005800	0.234615
-6.6080	0.000000	0.017089	0.034198	0.000000	0.000000	0.005847	0.233136
-6.5920	0.000000	0.017217	0.034443	0.000000	0.000000	0.005894	0.231667
-6.5760	0.000000	0.017345	0.034690	0.000000	0.000000	0.005941	0.230207
-6.5600	0.000000	0.017474	0.034938	0.000000	0.000000	0.005989	0.228756
-6.5440	0.000000	0.017604	0.035188	0.000000	0.000000	0.006037	0.227315
-6.5280	0.000000	0.017735	0.035439	0.000000	0.000000	0.006085	0.225883
-6.5120	0.000000	0.017867	0.035692	0.000000	0.000000	0.006134	0.224460
-6.4960	0.000000	0.018000	0.035947	0.000000	0.000000	0.006183	0.223046
-6.4800	0.000000	0.018134	0.036203	0.000000	0.000000	0.006233	0.221641
-6.4640	0.000000	0.018268	0.036461	0.000000	0.000000	0.006283	0.220245
-6.4480	0.000000	0.018404	0.036720	0.000000	0.000000	0.006334	0.218859
-6.4320	0.000000	0.018540	0.036981	0.000000	0.000000	0.006385	0.217481
-6.4160	0.000000	0.018678	0.037243	0.000000	0.000000	0.006436	0.216111
-6.4000	0.000000	0.018816	0.037507	0.000000	0.000000	0.006488	0.214751
-6.3840	0.000000	0.018955	0.037773	0.000000	0.000000	0.006540	0.213399
-6.3680	0.000000	0.019095	0.038040	0.000000	0.000000	0.006592	0.212056
-6.3520	0.000000	0.019236	0.038309	0.000000	0.000000	0.006645	0.210722
-6.3360	0.000000	0.019378	0.038579	0.000000	0.000000	0.006698	0.209396
-6.3200	0.000000	0.019521	0.038851	0.000000	0.000000	0.006752	0.208078
-6.3040	0.000000	0.019665	0.039125	0.000000	0.000000	0.006807	0.206769
-6.2880	0.000000	0.019810	0.039400	0.000000	0.000000	0.006861	0.205469
-6.2720	0.000000	0.019956	0.039677	0.000000	0.000000	0.006916	0.204177
-6.2560	0.000000	0.020103	0.039956	0.000000	0.000000	0.006972	0.202893
-6.2400	0.000000	0.020251	0.040236	0.000000	0.000000	0.007028	0.201617
-6.2240	0.000000	0.020399	0.040518	0.000000	0.000000	0.007084	0.200349
-6.2080	0.000000	0.020549	0.040801	0.000000	0.000000	0.007141	0.199090
-6.1920	0.000000	0.020700	0.041087	0.000000	0.000000	0.007199	0.197838
-6.1760	0.000000	0.020852	0.041373	0.000000	0.000000	0.007256	0.196595
-6.1600	0.000000	0.021005	0.041662	0.000000	0.000000	0.007315	0.195359
-6.1440	0.000000	0.021158	0.041952	0.000000	0.000000	0.007373	0.194131
-6.1280	0.000000	0.021313	0.042244	0.000000	0.000000	0.007433	0.192912
-6.1120	0.000000	0.021469	0.042538	0.000000	0.000000	0.007492	0.191700
-6.0960	0.000000	0.021626	0.042833	0.000000	0.000000	0.007552	0.190495
-6.0800	0.000000	0.021784	0.043130	0.000000	0.000000	0.007613	0.189299
-6.0640	0.000000	0.021942	0.043428	0.000000	0.000000	0.007674	0.188110
-6.0480	0.000000	0.022102	0.043729	0.000000	0.000000	0.007736	0.186929
-6.0320	0.000000	0.022263	0.044031	0.000000	0.000000	0.007798	0.185755
-6.0160	0.000000	0.022425	0.044334	0.000000	0.000000	0.007861	0.184589
-6.0000	0.000000	0.022588	0.044640	0.000000	0.000000	0.007924	0.183430
-5.9840	0.000000	0.022752	0.044947	0.000000	0.000000	0.007988	0.182279
-5.9680	0.000000	0.022918	0.045256	0.000000	0.000000	0.008052	0.181135
-5.9520	0.000000	0.023084	0.045567	0.000000	0.000000	0.008116	0.179998
-5.9360	0.000000	0.023251	0.045879	0.000000	0.000000	0.008182	0.178869
-5.9200	0.000000	0.023419	0.046193	0.000000	0.000000	0.008247	0.177747
-5.9040	0.000000	0.023589	0.046509	0.000000	0.000000	0.008313	0.176632
-5.8880	0.000000	0.023759	0.046826	0.000000	0.000000	0.008380	0.175524
-5.8720	0.000000	0.023931	0.047146	0.000000	0.000000	0.008448	0.174423
-5.8560	0.000000	0.024104	0.047467	0.000000	0.000000	0.008515	0.173329
-5.8400	0.000000	0.024277	0.047789	0.000000	0.000000	0.008584	0.172243
-5.8240	0.000000	0.024452	0.048114	0.000000	0.000000	0.008653	0.171163
-5.8080	0.000000	0.024628	0.048440	0.000000	0.000000	0.008722	0.170090
-5.7920	0.000000	0.024805	0.048768	0.000000	0.000000	0.008792	0.169024
-5.7760	0.000000	0.024984	0.049098	0.000000	0.000000	0.008863	0.167964
-5.7600	0.000000	0.025163	0.049429	0.000000	0.000000	0.008934	0.166912
-5.7440	0.000000	0.025344	0.049763	0.000000	0.000000	0.009006	0.165866
-5.7280	0.000000	0.025525	0.050098	0.000000	0.000000	0.009078	0.164827
-5.7120	0.000000	0.025708	0.050434	0.000000	0.000000	0.009151	0.163795
-5.6960	0.000000	0.025892	0.050773	0.000000	0.000000	0.009225	0.162769
-5.6800	0.000000	0.026077	0.051113	0.000000	0.000000	0.009299	0.161750
-5.6640	0.000000	0.026263	0.051455	0.000000	0.000000	0.009373	0.160737
-5.6480	0.000000	0.026450	0.051799	0.000000	0.000000	0.009449	0.159731
-5.6320	0.000000	0.026639	0.052145	0.000000	0.000000	0.009525	0.158731
-5.6160	0.000000	0.026828	0.052492	0.000000	0.000000	0.009601	0.157737
-5.6000	0.000000	0.027019	0.052841	0.000000	0.000000	0.009678	0.156750
-5.5840	0.000000	0.027211	0.053192	0.000000	0.000000	0.009756	0.155769
-5.5680	0.000000	0.027404	0.053545	0.000000	0.000000	0.009834	0.154795
-5.5520	0.000000	0.027598	0.053899	0.000000	0.000000	0.009913	0.153826
-5.5360	0.000000	0.027794	0.054256	0.000000	0.000000	0.009993	0.152864
-5.5200	0.000000	0.027991	0.054614	0.000000	0.000000	0.010073	0.151908
-5.5040	0.000000	0.028188	0.054973	0.000000	0.000000	0.010154	0.150958
-5.4880	0.000000	0.028388	0.055335	0.000000	0.000000	0.010236	0.150014
-5.4720	0.000000	0.028588	0.055698	0.000000	0.000000	0.010318	0.149076
-5.4560	0.000000	0.028789	0.056063	0.000000	0.000000	0.010401	0.148144
-5.4400	0.000000	0.028992	0.056430	0.000000	0.000000	0.010484	0.147218
-5.4240	0.000000	0.029196	0.056799	0.000000	0.000000	0.010569	0.146298
-5.4080	0.000000	0.029401	0.057169	0.000000	0.000000	0.010653	0.145384
-5.3920	0.000000	0.029607	0.057541	0.000000	0.000000	0.010739	0.144476
-5.3760	0.000000	0.029815	0.057915	0.000000	0.000000	0.010825	0.143573
-5.3600	0.000000	0.030023	0.058291	0.000000	0.000000	0.010912	0.142677
-5.3440	0.000000	0.030233	0.058668	0.000000	0.000000	0.011000	0.141785
-5.3280	0.000000	0.030445	0.059048	0.000000	0.000000	0.011088	0.140900
-5.3120	0.000000	0.030657	0.059429	0.000000	0.000000	0.011177	0.140020
-5.2960	0.000000	0.030871	0.059811	0.000000	0.000000	0.011267	0.139146
-5.2800	0.000000	0.031086	0.060196	0.000000	0.000000	0.011357	0.138277
-5.2640	0.000000	0.031302	0.060582	0.000000	0.000000	0.011449	0.137414
-5.2480	0.000000	0.031519	0.060970	0.000000	0.000000	0.011541	0.136557
-5.2320	0.000000	0.031738	0.061360	0.000000	0.000000	0.011633	0.135705
-5.2160	0.000000	0.031958	0.061751	0.000000	0.000000	0.011727	0.134858
-5.2000	0.000000	0.032179	0.062144	0.000000	0.000000	0.011821	0.134017
-5.1840	0.000000	0.032402	0.062539	0.000000	0.000000	0.011916	0.133181
-5.1680	0.000000	0.032625	0.062936	0.000000	0.000000	0.012012	0.132350
-5.1520	0.000000	0.032850	0.063334	0.000000	0.000000	0.012108	0.131525
-5.1360	0.000000	0.033077	0.063734	0.000000	0.000000	0.012205	0.130705
-5.1200	0.000000	0.033304	0.064136	0.000000	0.000000	0.012303	0.129890
-5.1040	0.000000	0.033533	0.064539	0.000000	0.000000	0.012402	0.129080
-5.0880	0.000000	0.033763	0.064945	0.000000	0.000000	0.012502	0.128276
-5.0720	0.000000	0.033995	0.065351	0.000000	0.000000	0.012602	0.127476
-5.0560	0.000000	0.034227	0.065760	0.000000	0.000000	0.012704	0.126682
-5.0400	0.000000	0.034461	0.066170	0.000000	0.000000	0.012806	0.125892
-5.0240	0.000000	0.034697	0.066582	0.000000	0.000000	0.012908	0.125108
-5.0080	0.000000	0.034933	0.066996	0.000000	0.000000	0.013012	0.124329
-4.9920	0.000000	0.035171	0.067411	0.000000	0.000000	0.013117	0.123554
-4.9760	0.000000	0.035410	0.067828	0.000000	0.000000	0.013222	0.122785
-4.9600	0.000000	0.035651	0.068247	0.000000	0.000000	0.013328	0.122020
-4.9440	0.000000	0.035892	0.068667	0.000000	0.000000	0.013435	0.121261
-4.9280	0.000000	0.036135	0.069089	0.000000	0.000000	0.013543	0.120506
-4.9120	0.000000	0.036380	0.069512	0.000000	0.000000	0.013652	0.119756
-4.8960	0.000000	0.036626	0.069937	0.000000	0.000000	0.013762	0.119010
-4.8800	0.000000	0.036873	0.070364	0.000000	0.000000	0.013872	0.118270
-4.8640	0.000000	0.037121	0.070792	0.000000	0.000000	0.013984	0.117534
-4.8480	0.000000	0.037371	0.071222	0.000000	0.000000	0.014096	0.116802
-4.8320	0.000000	0.037622	0.071654	0.000000	0.000000	0.014209	0.116076
-4.8160	0.000000	0.037874	0.072087	0.000000	0.000000	0.014323	0.115354
-4.8000	0.000000	0.038127	0.072521	0.000000	0.000000	0.014438	0.114636
-4.7840	0.000000	0.038382	0.072958	0.000000	0.000000	0.014554	0.113923
-4.7680	0.000000	0.038639	0.073395	0.000000	0.000000	0.014671	0.113215
-4.7520	0.000000	0.038896	0.073835	0.000000	0.000000	0.014789	0.112511
-4.7360	0.000000	0.039155	0.074275	0.000000	0.000000	0.014908	0.111811
-4.7200	0.000000	0.039415	0.074718	0.000000	0.000000	0.015027	0.111116
-4.7040	0.000000	0.039677	0.075161	0.000000	0.000000	0.015148	0.110425
-4.6880	0.000000	0.039940	0.075607	0.000000	0.000000	0.015270	0.109739
-4.6720	0.000000	0.040204	0.076053	0.000000	0.000000	0.015392	0.109057
-4.6560	0.000000	0.040470	0.076502	0.000000	0.000000	0.015516	0.108379
-4.6400	0.000000	0.040737	0.076951	0.000000	0.000000	0.015641	0.107706
-4.6240	0.000000	0.041005	0.077402	0.000000	0.000000	0.015766	0.107037
-4.6080	0.000000	0.041274	0.077855	0.000000	0.000000	0.015893	0.106372
-4.5920	0.000000	0.041545	0.078309	0.000000	0.000000	0.016021	0.105711
-4.5760	0.000000	0.041818	0.078764	0.000000	0.000000	0.016149	0.105054
-4.5600	0.000000	0.042091	0.079221	0.000000	0.000000	0.016279	0.104402
-4.5440	0.000000	0.042366	0.079679	0.000000	0.000000	0.016410	0.103753
-4.5280	0.000000	0.042642	0.080138	0.000000	0.000000	0.016542	0.103109
-4.5120	0.000000	0.042920	0.080599	0.000000	0.000000	0.016674	0.102469
-4.4960	0.000000	0.043199	0.081061	0.000000	0.000000	0.016808	0.101833
-4.4800	0.000000	0.043479	0.081524	0.000000	0.000000	0.016943	0.101200
-4.4640	0.000000	0.043761	0.081989	0.000000	0.000000	0.017079	0.100572
-4.4480	0.000000	0.044044	0.082454	0.000000	0.000000	0.017217	0.099948
-4.4320	0.000000	0.044328	0.082922	0.000000	0.000000	0.017355	0.099328
-4.4160	0.000000	0.044613	0.083390	0.000000	0.000000	0.017494	0.098711
-4.4000	0.000000	0.044900	0.083859	0.000000	0.000000	0.017635	0.098098
-4.3840	0.000000	0.045188	0.084330	0.000000	0.000000	0.017777	0.097490
-4.3680	0.000000	0.045478	0.084802	0.000000	0.000000	0.017919	0.096885
-4.3520	0.000000	0.045769	0.085275	0.000000	0.000000	0.018063	0.096283
-4.3360	0.000000	0.046061	0.085749	0.000000	0.000000	0.018208	0.095686
-4.3200	0.000000	0.046354	0.086224	0.000000	0.000000	0.018355	0.095092
-4.3040	0.000000	0.046649	0.086701	0.000000	0.000000	0.018502	0.094502
-4.2880	0.000000	0.046945	0.087178	0.000000	0.000000	0.018651	0.093916
-4.2720	0.000000	0.047243	0.087657	0.000000	0.000000	0.018800	0.093333
-4.2560	0.000000	0.047541	0.088136	0.000000	0.000000	0.018951	0.092754
-4.2400	0.000000	0.047842	0.088617	0.000000	0.000000	0.019104	0.092179
-4.2240	0.000000	0.048143	0.089098	0.000000	0.000000	0.019257	0.091607
-4.2080	0.000000	0.048446	0.089581	0.000000	0.000000	0.019412	0.091039
-4.1920	0.000000	0.048749	0.090064	0.000000	0.000000	0.019568	0.090474
-4.1760	0.000000	0.049055	0.090548	0.000000	0.000000	0.019725	0.089913
-4.1600	0.000000	0.049361	0.091034	0.000000	0.000000	0.019883	0.089355
-4.1440	0.000000	0.049669	0.091520	0.000000	0.000000	0.020043	0.088801
-4.1280	0.000000	0.049978	0.092006	0.000000	0.000000	0.020204	0.088250
-4.1120	0.000000	0.050289	0.092494	0.000000	0.000000	0.020366	0.087703
-4.0960	0.000000	0.050600	0.092983	0.000000	0.000000	0.020530	0.087159
-4.0800	0.000000	0.050913	0.093472	0.000000	0.000000	0.020695	0.086618
-4.0640	0.000000	0.051227	0.093962	0.000000	0.000000	0.020861	0.086081
-4.0480	0.000000	0.051543	0.094453	0.000000	0.000000	0.021028	0.085547
-4.0320	0.000000	0.051860	0.094944	0.000000	0.000000	0.021197	0.085017
-4.0160	0.000000	0.052178	0.095436	0.000000	0.000000	0.021368	0.084489
-4.0000	0.000000	0.052497	0.095929	0.000000	0.000000	0.021539	0.083965
-3.9840	0.000000	0.052817	0.096422	0.000000	0.000000	0.021712	0.083444
-3.9680	0.000000	0.053139	0.096916	0.000000	0.000000	0.021887	0.082927
-3.9520	0.000000	0.053462	0.097410	0.000000	0.000000	0.022062	0.082412
-3.9360	0.000000	0.053786	0.097905	0.000000	0.000000	0.022240	0.081901
-3.9200	0.000000	0.054111	0.098401	0.000000	0.000000	0.022418	0.081393
-3.9040	0.000000	0.054438	0.098897	0.000000	0.000000	0.022598	0.080888
-3.8880	0.000000	0.054766	0.099393	0.000000	0.000000	0.022780	0.080386
-3.8720	0.000000	0.055095	0.099889	0.000000	0.000000	0.022963	0.079887
-3.8560	0.000000	0.055425	0.100386	0.000000	0.000000	0.023147	0.079392
-3.8400	0.000000	0.055756	0.100884	0.000000	0.000000	0.023333	0.078899
-3.8240	0.000000	0.056089	0.101381	0.000000	0.000000	0.023521	0.078409
-3.8080	0.000000	0.056423	0.101879	0.000000	0.000000	0.023710	0.077923
-3.7920	0.000000	0.056758	0.102377	0.000000	0.000000	0.023900	0.077439
-3.7760	0.000000	0.057094	0.102876	0.000000	0.000000	0.024092	0.076958
-3.7600	0.000000	0.057431	0.103374	0.000000	0.000000	0.024285	0.076480
-3.7440	0.000000	0.057769	0.103873	0.000000	0.000000	0.024481	0.076006
-3.7280	0.000000	0.058109	0.104372	0.000000	0.000000	0.024677	0.075534
-3.7120	0.000000	0.058450	0.104870	0.000000	0.000000	0.024875	0.075064
-3.6960	0.000000	0.058791	0.105369	0.000000	0.000000	0.025075	0.074598
-3.6800	0.000000	0.059134	0.105868	0.000000	0.000000	0.025277	0.074135
-3.6640	0.000000	0.059478	0.106366	0.000000	0.000000	0.025480	0.073674
-3.6480	0.000000	0.059823	0.106865	0.000000	0.000000	0.025684	0.073216
-3.6320	0.000000	0.060169	0.107364	0.000000	0.000000	0.025891	0.072761
-3.6160	0.000000	0.060516	0.107862	0.000000	0.000000	0.026099	0.072309
-3.6000	0.000000	0.060865	0.108360	0.000000	0.000000	0.026308	0.071859
-3.5840	0.000000	0.061214	0.108858	0.000000	0.000000	0.026519	0.071413
-3.5680	0.000000	0.061564	0.109355	0.000000	0.000000	0.026732	0.070969
-3.5520	0.000000	0.061916	0.109853	0.000000	0.000000	0.026947	0.070527
-3.5360	0.000000	0.062268	0.110349	0.000000	0.000000	0.027164	0.070088
-3.5200	0.000000	0.062621	0.110846	0.000000	0.000000	0.027382	0.069652
-3.5040	0.000000	0.062976	0.111342	0.000000	0.000000	0.027602	0.069219
-3.4880	0.000000	0.063331	0.111837	0.000000	0.000000	0.027823	0.068788
-3.4720	0.000000	0.063688	0.112332	0.000000	0.000000	0.028047	0.068359
-3.4560	0.000000	0.064045	0.112827	0.000000	0.000000	0.028272	0.067934
-3.4400	0.000000	0.064403	0.113321	0.000000	0.000000	0.028499	0.067510
-3.4240	0.000000	0.064762	0.113814	0.000000	0.000000	0.028728	0.067090
-3.4080	0.000000	0.065122	0.114306	0.000000	0.000000	0.028959	0.066672
-3.3920	0.000000	0.065484	0.114798	0.000000	0.000000	0.029192	0.066256
-3.3760	0.000000	0.065845	0.115289	0.000000	0.000000	0.029426	0.065843
-3.3600	0.000000	0.066208	0.115779	0.000000	0.000000	0.029662	0.065432
-3.3440	0.000000	0.066572	0.116269	0.000000	0.000000	0.029901	0.065024
-3.3280	0.000000	0.066936	0.116757	0.000000	0.000000	0.030141	0.064618
-3.3120	0.000000	0.067302	0.117244	0.000000	0.000000	0.030383	0.064214
-3.2960	0.000000	0.067668	0.117731	0.000000	0.000000	0.030627	0.063813
-3.2800	0.000000	0.068035	0.118216	0.000000	0.000000	0.030873	0.063415
-3.2640	0.000000	0.068403	0.118700	0.000000	0.000000	0.031121	0.063018
-3.2480	0.000000	0.068772	0.119183	0.000000	0.000000	0.031371	0.062624
-3.2320	0.000000	0.069141	0.119665	0.000000	0.000000	0.031623	0.062233
-3.2160	0.000000	0.069511	0.120146	0.000000	0.000000	0.031877	0.061843
-3.2000	0.000000	0.069882	0.120625	0.000000	0.000000	0.032133	0.061456
-3.1840	0.000000	0.070253	0.121103	0.000000	0.000000	0.032391	0.061071
-3.1680	0.000000	0.070626	0.121580	0.000000	0.000000	0.032651	0.060689
-3.1520	0.000000	0.070999	0.122055	0.000000	0.000000	0.032913	0.060308
-3.1360	0.000000	0.071372	0.122529	0.000000	0.000000	0.033178	0.059930
-3.1200	0.000000	0.071747	0.123001	0.000000	0.000000	0.033444	0.059554
-3.1040	0.000000	0.072122	0.123472	0.000000	0.000000	0.033713	0.059181
-3.0880	0.000000	0.072497	0.123941	0.000000	0.000000	0.033984	0.058809
-3.0720	0.000000	0.072873	0.124408	0.000000	0.000000	0.034257	0.058440
-3.0560	0.000000	0.073250	0.124873	0.000000	0.000000	0.034532	0.058073
-3.0400	0.000000	0.073628	0.125337	0.000000	0.000000	0.034809	0.057707
-3.0240	0.000000	0.074005	0.125799	0.000000	0.000000	0.035089	0.057344
-3.0080	0.000000	0.074384	0.126259	0.000000	0.000000	0.035371	0.056984
-2.9920	0.000000	0.074763	0.126717	0.000000	0.166667	0.035655	0.056625
-2.9760	0.000000	0.075142	0.127173	0.000000	0.166667	0.035941	0.056268
-2.9600	0.000000	0.075522	0.127627	0.000000	0.166667	0.036230	0.055913
-2.9440	0.000000	0.075902	0.128079	0.000000	0.166667	0.036521	0.055561
-2.9280	0.000000	0.076283	0.128529	0.000000	0.166667	0.036814	0.055210
-2.9120	0.000000	0.076664	0.128977	0.000000	0.166667	0.037110	0.054862
-2.8960	0.000000	0.077046	0.129422	0.000000	0.166667	0.037408	0.054515
-2.8800	0.000000	0.077428	0.129865	0.000000	0.166667	0.037708	0.054170
-2.8640	0.000000	0.077810	0.130306	0.000000	0.166667	0.038011	0.053828
-2.8480	0.000000	0.078193	0.130744	0.000001	0.166667	0.038316	0.053487
-2.8320	0.000000	0.078576	0.131180	0.000001	0.166667	0.038624	0.053148
-2.8160	0.000000	0.078959	0.131614	0.000001	0.166667	0.038934	0.052811
-2.8000	0.000000	0.079342	0.132044	0.000001	0.166667	0.039247	0.052476
-2.7840	0.000000	0.079726	0.132473	0.000002	0.166667	0.039562	0.052143
-2.7680	0.000000	0.080110	0.132898	0.000002	0.166667	0.039880	0.051812
-2.7520	0.000000	0.080494	0.133321	0.000002	0.166667	0.040200	0.051483
-2.7360	0.000000	0.080879	0.133741	0.000003	0.166667	0.040523	0.051155
-2.7200	0.000000	0.081263	0.134158	0.000004	0.166667	0.040849	0.050830
-2.7040	0.000000	0.081648	0.134572	0.000005	0.166667	0.041177	0.050506
-2.6880	0.000000	0.082032	0.134983	0.000006	0.166667	0.041508	0.050184
-2.6720	0.000000	0.082417	0.135391	0.000008	0.166667	0.041841	0.049864
-2.6560	0.000000	0.082802	0.135797	0.000009	0.166667	0.042177	0.049545
-2.6400	0.000000	0.083187	0.136199	0.000012	0.166667	0.042516	0.049229
-2.6240	0.000000	0.083572	0.136598	0.000014	0.166667	0.042857	0.048914
-2.6080	0.000000	0.083957	0.136993	0.000017	0.166667	0.043202	0.048601
-2.5920	0.000000	0.084342	0.137386	0.000021	0.166667	0.043549	0.048289
-2.5760	0.000000	0.084726	0.137775	0.000026	0.166667	0.043898	0.047980
-2.5600	0.000000	0.085111	0.138160	0.000031	0.166667	0.044251	0.047672
-2.5440	0.000000	0.085496	0.138542	0.000038	0.166667	0.044606	0.047365
-2.5280	0.000000	0.085880	0.138921	0.000045	0.166667	0.044965	0.047061
-2.5120	0.000000	0.086264	0.139296	0.000055	0.166667	0.045326	0.046758
-2.4960	0.000000	0.086648	0.139668	0.000065	0.166667	0.045690	0.046457
-2.4800	0.000000	0.087032	0.140036	0.000078	0.166667	0.046057	0.046157
-2.4640	0.000000	0.087416	0.140400	0.000093	0.166667	0.046427	0.045859
-2.4480	0.000000	0.087799	0.140760	0.000110	0.166667	0.046800	0.045563
-2.4320	0.000000	0.088182	0.141117	0.000130	0.166667	0.047176	0.045268
-2.4160	0.000000	0.088565	0.141469	0.000153	0.166667	0.047555	0.044975
-2.4000	0.000000	0.088947	0.141818	0.000180	0.166667	0.047937	0.044683
-2.3840	0.000000	0.089329	0.142163	0.000211	0.166667	0.048322	0.044393
-2.3680	0.000000	0.089711	0.142503	0.000247	0.166667	0.048710	0.044105
-2.3520	0.000000	0.090092	0.142840	0.000288	0.166667	0.049101	0.043818
-2.3360	0.000000	0.090472	0.143172	0.000334	0.166667	0.049495	0.043533
-2.3200	0.000000	0.090853	0.143500	0.000388	0.166667	0.049893	0.043249
-2.3040	0.000000	0.091232	0.143824	0.000448	0.166667	0.050294	0.042967
-2.2880	0.000000	0.091611	0.144144	0.000517	0.166667	0.050698	0.042686
-2.2720	0.000000	0.091990	0.144459	0.000595	0.166667	0.051105	0.042407
-2.2560	0.000000	0.092368	0.144770	0.000683	0.166667	0.051515	0.042129
-2.2400	0.000000	0.092745	0.145076	0.000783	0.166667	0.051929	0.041853
-2.2240	0.000000	0.093121	0.145378	0.000894	0.166667	0.052346	0.041578
-2.2080	0.000000	0.093497	0.145675	0.001019	0.166667	0.052767	0.041305
-2.1920	0.000000	0.093872	0.145967	0.001158	0.166667	0.053190	0.041033
-2.1760	0.000000	0.094247	0.146255	0.001314	0.166667	0.053618	0.040763
-2.1600	0.000000	0.094620	0.146538	0.001487	0.166667	0.054048	0.040494
-2.1440	0.000000	0.094993	0.146817	0.001680	0.166667	0.054482	0.040226
-2.1280	0.000000	0.095365	0.147090	0.001893	0.166667	0.054920	0.039960
-2.1120	0.000000	0.095736	0.147359	0.002128	0.166667	0.055361	0.039695
-2.0960	0.000000	0.096106	0.147623	0.002388	0.166667	0.055806	0.039432
-2.0800	0.000000	0.096475	0.147881	0.002674	0.166667	0.056254	0.039170
-2.0640	0.000000	0.096844	0.148135	0.002988	0.166667	0.056706	0.038909
-2.0480	0.000000	0.097211	0.148384	0.003332	0.166667	0.057161	0.038650
-2.0320	0.000000	0.097577	0.148627	0.003709	0.166667	0.057620	0.038392
-2.0160	0.000000	0.097942	0.148865	0.004120	0.166667	0.058083	0.038135
-2.0000	0.000000	0.098306	0.149098	0.004568	0.166667	0.058550	0.037880
-1.9840	0.000000	0.098669	0.149326	0.005055	0.166667	0.059020	0.037626
-1.9680	0.000000	0.099031	0.149549	0.005583	0.166667	0.059494	0.037374
-1.9520	0.000000	0.099391	0.149766	0.006155	0.166667	0.059972	0.037122
-1.9360	0.000000	0.099750	0.149977	0.006774	0.166667	0.060454	0.036872
-1.9200	0.000000	0.100108	0.150184	0.007442	0.166667	0.060939	0.036624
-1.9040	0.000000	0.100465	0.150384	0.008161	0.166667	0.061429	0.036376
-1.8880	0.000000	0.100820	0.150579	0.008935	0.166667	0.061922	0.036130
-1.8720	0.000000	0.101175	0.150769	0.009765	0.166667	0.062420	0.035885
-1.8560	0.000000	0.101527	0.150953	0.010655	0.166667	0.062921	0.035641
-1.8400	0.000000	0.101878	0.151131	0.011606	0.166667	0.063426	0.035399
-1.8240	0.000000	0.102228	0.151304	0.012623	0.166667	0.063936	0.035158
-1.8080	0.000000	0.102577	0.151471	0.013706	0.166667	0.064449	0.034918
-1.7920	0.000000	0.102923	0.151632	0.014860	0.166667	0.064967	0.034679
-1.7760	0.000000	0.103269	0.151787	0.016085	0.166667	0.065489	0.034442
-1.7600	0.000000	0.103612	0.151936	0.017386	0.166667	0.066015	0.034206
-1.7440	0.000000	0.103954	0.152080	0.018763	0.166667	0.066545	0.033970
-1.7280	0.000000	0.104295	0.152217	0.020221	0.166667	0.067079	0.033737
-1.7120	0.000000	0.104633	0.152349	0.021760	0.166667	0.067618	0.033504
-1.6960	0.000000	0.104971	0.152475	0.023383	0.166667	0.068161	0.033272
-1.6800	0.000000	0.105306	0.152594	0.025092	0.166667	0.068709	0.033042
-1.6640	0.000000	0.105639	0.152707	0.026889	0.166667	0.069261	0.032813
-1.6480	0.000000	0.105971	0.152815	0.028775	0.166667	0.069817	0.032585
-1.6320	0.000000	0.106301	0.152916	0.030753	0.166667	0.070378	0.032358
-1.6160	0.000000	0.106629	0.153011	0.032824	0.166667	0.070943	0.032132
-1.6000	0.000000	0.106955	0.153100	0.034990	0.166667	0.071513	0.031908
-1.5840	0.000000	0.107279	0.153182	0.037251	0.166667	0.072087	0.031684
-1.5680	0.000000	0.107601	0.153258	0.039609	0.166667	0.072666	0.031462
-1.5520	0.000000	0.107921	0.153328	0.042064	0.166667	0.073250	0.031241
-1.5360	0.000000	0.108239	0.153392	0.044617	0.166667	0.073838	0.031021
-1.5200	0.000000	0.108555	0.153449	0.047270	0.166667	0.074431	0.030802
-1.5040	0.000000	0.108869	0.153500	0.050021	0.166667	0.075029	0.030584
-1.4880	0.000000	0.109181	0.153545	0.052871	0.166667	0.075632	0.030367
-1.4720	0.000000	0.109491	0.153583	0.055821	0.166667	0.076239	0.030151
-1.4560	0.000000	0.109798	0.153614	0.058869	0.166667	0.076852	0.029936
-1.4400	0.000000	0.110103	0.153639	0.062016	0.166667	0.077469	0.029723
-1.4240	0.000000	0.110406	0.153658	0.065261	0.166667	0.078091	0.029510
-1.4080	0.000000	0.110707	0.153670	0.068602	0.166667	0.078719	0.029299
-1.3920	0.000000	0.111005	0.153676	0.072039	0.166667	0.079351	0.029089
-1.3760	0.000000	0.111301	0.153675	0.075570	0.166667	0.079988	0.028879
-1.3600	0.000000	0.111595	0.153667	0.079194	0.166667	0.080631	0.028671
-1.3440	0.000000	0.111886	0.153653	0.082909	0.166667	0.081278	0.028464
-1.3280	0.000000	0.112175	0.153633	0.086713	0.166667	0.081931	0.028258
-1.3120	0.000000	0.112461	0.153605	0.090604	0.166667	0.082589	0.028052
-1.2960	0.000000	0.112745	0.153571	0.094580	0.166667	0.083253	0.027848
-1.2800	0.000000	0.113026	0.153531	0.098637	0.166667	0.083921	0.027645
-1.2640	0.000000	0.113304	0.153484	0.102775	0.166667	0.084595	0.027443
-1.2480	0.000000	0.113580	0.153430	0.106989	0.166667	0.085275	0.027242
-1.2320	0.000000	0.113854	0.153369	0.111276	0.166667	0.085960	0.027042
-1.2160	0.000000	0.114124	0.153302	0.115633	0.166667	0.086650	0.026843
-1.2000	0.000000	0.114392	0.153228	0.120058	0.166667	0.087346	0.026645
-1.1840	0.000000	0.114657	0.153147	0.124546	0.166667	0.088048	0.026447
-1.1680	0.000000	0.114920	0.153060	0.129093	0.166667	0.088755	0.026251
-1.1520	0.000000	0.115179	0.152966	0.133697	0.166667	0.089468	0.026056
-1.1360	0.000000	0.115436	0.152865	0.138352	0.166667	0.090186	0.025862
-1.1200	0.000000	0.115690	0.152758	0.143056	0.166667	0.090911	0.025669
-1.1040	0.000000	0.115941	0.152644	0.147804	0.166667	0.091641	0.025477
-1.0880	0.000000	0.116190	0.152523	0.152591	0.166667	0.092377	0.025285
-1.0720	0.000000	0.116435	0.152395	0.157413	0.166667	0.093119	0.025095
-1.0560	0.000000	0.116677	0.152261	0.162267	0.166667	0.093867	0.024906
-1.0400	0.000000	0.116917	0.152120	0.167147	0.166667	0.094621	0.024717
-1.0240	0.000000	0.117153	0.151973	0.172049	0.166667	0.095381	0.024530
-1.0080	0.000000	0.117386	0.151818	0.176969	0.166667	0.096147	0.024343
-0.9920	0.000000	0.117617	0.151657	0.181902	0.166667	0.096919	0.024158
-0.9760	0.000000	0.117844	0.151490	0.186843	0.166667	0.097698	0.023973
-0.9600	0.000000	0.118068	0.151315	0.191789	0.166667	0.098482	0.023790
-0.9440	0.000000	0.118289	0.151134	0.196733	0.166667	0.099273	0.023607
-0.9280	0.000000	0.118506	0.150947	0.201673	0.166667	0.100071	0.023425
-0.9120	0.000000	0.118721	0.150753	0.206602	0.166667	0.100875	0.023244
-0.8960	0.000000	0.118932	0.150552	0.211517	0.166667	0.101685	0.023064
-0.8800	0.000000	0.119140	0.150344	0.216414	0.166667	0.102502	0.022885
-0.8640	0.000000	0.119345	0.150130	0.221287	0.166667	0.103325	0.022707
-0.8480	0.000000	0.119546	0.149910	0.226132	0.166667	0.104155	0.022530
-0.8320	0.000001	0.119744	0.149682	0.230945	0.166667	0.104991	0.022354
-0.8160	0.000001	0.119939	0.149449	0.235722	0.166667	0.105835	0.022178
-0.8000	0.000002	0.120130	0.149209	0.240459	0.166667	0.106685	0.022004
-0.7840	0.000003	0.120318	0.148962	0.245151	0.166667	0.107542	0.021830
-0.7680	0.000005	0.120503	0.148709	0.249795	0.166667	0.108405	0.021658
-0.7520	0.000009	0.120684	0.148449	0.254386	0.166667	0.109276	0.021486
-0.7360	0.000016	0.120862	0.148183	0.258921	0.166667	0.110154	0.021315
-0.7200	0.000026	0.121036	0.147911	0.263396	0.166667	0.111039	0.021145
-0.7040	0.000044	0.121207	0.147632	0.267807	0.166667	0.111931	0.020976
-0.6880	0.000072	0.121374	0.147347	0.272151	0.166667	0.112830	0.020808
-0.6720	0.000117	0.121537	0.147056	0.276425	0.166667	0.113736	0.020640
-0.6560	0.000187	0.121697	0.146758	0.280626	0.166667	0.114649	0.020474
-0.6400	0.000296	0.121854	0.146454	0.284750	0.166667	0.115570	0.020308
-0.6240	0.000464	0.122007	0.146144	0.288794	0.166667	0.116498	0.020144
-0.6080	0.000720	0.122156	0.145828	0.292755	0.166667	0.117434	0.019980
-0.5920	0.001103	0.122301	0.145505	0.296632	0.166667	0.118377	0.019817
-0.5760	0.001671	0.122443	0.145177	0.300420	0.166667	0.119328	0.019655
-0.5600	0.002502	0.122582	0.144842	0.304119	0.166667	0.120287	0.019494
-0.5440	0.003705	0.122716	0.144502	0.307725	0.166667	0.121253	0.019333
-0.5280	0.005423	0.122847	0.144155	0.311236	0.166667	0.122227	0.019174
-0.5120	0.007850	0.122974	0.143802	0.314651	0.166667	0.123209	0.019015
-0.4960	0.011234	0.123098	0.143444	0.317968	0.166667	0.124198	0.018858
-0.4800	0.015894	0.123217	0.143080	0.321185	0.166667	0.125196	0.018701
-0.4640	0.022233	0.123333	0.142709	0.324300	0.166667	0.126201	0.018545
-0.4480	0.030749	0.123445	0.142333	0.327311	0.166667	0.127215	0.018389
-0.4320	0.042045	0.123553	0.141952	0.330219	0.166667	0.128237	0.018235
-0.4160	0.056840	0.123658	0.141564	0.333021	0.166667	0.129267	0.018082
-0.4000	0.075973	0.123758	0.141171	0.335716	0.166667	0.130305	0.017929
-0.3840	0.100397	0.123855	0.140773	0.338304	0.166667	0.131352	0.017777
-0.3680	0.131173	0.123948	0.140369	0.340784	0.166667	0.132407	0.017626
-0.3520	0.169443	0.124037	0.139959	0.343155	0.166667	0.133470	0.017476
-0.3360	0.216402	0.124122	0.139544	0.345417	0.166667	0.134542	0.017327
-0.3200	0.273248	0.124203	0.139123	0.347569	0.166667	0.135623	0.017178
-0.3040	0.341125	0.124281	0.138697	0.349611	0.166667	0.136712	0.017031
-0.2880	0.421044	0.124354	0.138266	0.351543	0.166667	0.137810	0.016884
-0.2720	0.513807	0.124424	0.137830	0.353366	0.166667	0.138917	0.016738
-0.2560	0.619914	0.124489	0.137388	0.355078	0.166667	0.140033	0.016593
-0.2400	0.739472	0.124551	0.136941	0.356681	0.166667	0.141158	0.016449
-0.2240	0.872109	0.124609	0.136490	0.358174	0.166667	0.142292	0.016306
-0.2080	1.016900	0.124663	0.136033	0.359559	0.166667	0.143434	0.016163
-0.1920	1.172316	0.124712	0.135571	0.360835	0.166667	0.144587	0.016021
-0.1760	1.336195	0.124758	0.135104	0.362003	0.166667	0.145748	0.015880
-0.1600	1.505752	0.124800	0.134633	0.363064	0.166667	0.146919	0.015740
-0.1440	1.677629	0.124838	0.134156	0.364019	0.166667	0.148099	0.015601
-0.1280	1.847979	0.124872	0.133675	0.364869	0.166667	0.149288	0.015462
-0.1120	2.012597	0.124902	0.133190	0.365614	0.166667	0.150487	0.015325
-0.0960	2.167082	0.124928	0.132699	0.366256	0.166667	0.151696	0.015188
-0.0800	2.307026	0.124950	0.132204	0.366795	0.166667	0.152914	0.015052
-0.0640	2.428222	0.124968	0.131705	0.367234	0.166667	0.154143	0.014917
-0.0480	2.526870	0.124982	0.131201	0.367572	0.166667	0.155381	0.014783
-0.0320	2.599778	0.124992	0.130693	0.367812	0.166667	0.156629	0.014649
-0.0160	2.644528	0.124998	0.130181	0.367956	0.166667	0.157887	0.014516
0.0000	2.659615	0.125000	0.129664	0.368003	0.166667	0.159155	0.014384
0.0160	2.644528	0.124998	0.129144	0.367956	0.166667	0.160433	0.014253
0.0320	2.599778	0.124992	0.128619	0.367816	0.166667	0.161722	0.014123
0.0480	2.526870	0.124982	0.128090	0.367586	0.166667	0.163021	0.013993
0.0640	2.428222	0.124968	0.127557	0.367266	0.166667	0.164330	0.013865
0.0800	2.307026	0.124950	0.127021	0.366858	0.166667	0.165650	0.013737
0.0960	2.167082	0.124928	0.126480	0.366364	0.166667	0.166981	0.013610
0.1120	2.012597	0.124902	0.125936	0.365785	0.166667	0.168322	0.013484
0.1280	1.847979	0.124872	0.125388	0.365124	0.166667	0.169674	0.013358
0.1440	1.677629	0.124838	0.124837	0.364382	0.166667	0.171037	0.013233
0.1600	1.505752	0.124800	0.124282	0.363561	0.166667	0.172410	0.013109
0.1760	1.336195	0.124758	0.123723	0.362663	0.166667	0.173795	0.012986
0.1920	1.172316	0.124712	0.123161	0.361689	0.166667	0.175191	0.012864
0.2080	1.016900	0.124663	0.122596	0.360641	0.166667	0.176598	0.012743
0.2240	0.872109	0.124609	0.122028	0.359522	0.166667	0.178017	0.012622
0.2400	0.739472	0.124551	0.121456	0.358333	0.166667	0.179447	0.012502
0.2560	0.619914	0.124489	0.120881	0.357076	0.166667	0.180888	0.012383
0.2720	0.513807	0.124424	0.120304	0.355753	0.166667	0.182341	0.012265
0.2880	0.421044	0.124354	0.119723	0.354366	0.166667	0.183806	0.012147
0.3040	0.341125	0.124281	0.119139	0.352916	0.166667	0.185282	0.012030
0.3200	0.273248	0.124203	0.118553	0.351406	0.166667	0.186770	0.011914
0.3360	0.216402	0.124122	0.117964	0.349837	0.166667	0.188270	0.011799
0.3520	0.169443	0.124037	0.117372	0.348212	0.166667	0.189782	0.011685
0.3680	0.131173	0.123948	0.116778	0.346531	0.166667	0.191307	0.011571
0.3840	0.100397	0.123855	0.116181	0.344798	0.166667	0.192843	0.011458
0.4000	0.075973	0.123758	0.115581	0.343014	0.166667	0.194392	0.011346
0.4160	0.056840	0.123658	0.114980	0.341180	0.166667	0.195954	0.011235
0.4320	0.042045	0.123553	0.114376	0.339299	0.166667	0.197528	0.011124
0.4480	0.030749	0.123445	0.113769	0.337372	0.166667	0.199114	0.011014
0.4640	0.022233	0.123333	0.113161	0.335401	0.166667	0.200713	0.010905
0.4800	0.015894	0.123217	0.112550	0.333388	0.166667	0.202326	0.010797
0.4960	0.011234	0.123098	0.111938	0.331335	0.166667	0.203951	0.010690
0.5120	0.007850	0.122974	0.111323	0.329243	0.166667	0.205589	0.010583
0.5280	0.005423	0.122847	0.110707	0.327114	0.166667	0.207240	0.010477
0.5440	0.003705	0.122716	0.110089	0.324949	0.166667	0.208905	0.010372
0.5600	0.002502	0.122582	0.109469	0.322751	0.166667	0.210583	0.010268
0.5760	0.001671	0.122443	0.108848	0.320521	0.166667	0.212274	0.010164
0.5920	0.001103	0.122301	0.108225	0.318261	0.166667	0.213979	0.010061
0.6080	0.000720	0.122156	0.107601	0.315972	0.166667	0.215698	0.009959
0.6240	0.000464	0.122007	0.106975	0.313655	0.166667	0.217430	0.009858
0.6400	0.000296	0.121854	0.106347	0.311313	0.166667	0.219177	0.009757
0.6560	0.000187	0.121697	0.105719	0.308946	0.166667	0.220937	0.009657
0.6720	0.000117	0.121537	0.105089	0.306557	0.166667	0.222712	0.009558
0.6880	0.000072	0.121374	0.104459	0.304147	0.166667	0.224501	0.009459
0.7040	0.000044	0.121207	0.103827	0.301716	0.166667	0.226304	0.009362
0.7200	0.000026	0.121036	0.103194	0.299268	0.166667	0.228121	0.009265
0.7360	0.000016	0.120862	0.102560	0.296802	0.166667	0.229954	0.009169
0.7520	0.000009	0.120684	0.101926	0.294320	0.166667	0.231801	0.009073
0.7680	0.000005	0.120503	0.101290	0.291824	0.166667	0.233663	0.008979
0.7840	0.000003	0.120318	0.100654	0.289315	0.166667	0.235539	0.008885
0.8000	0.000002	0.120130	0.100017	0.286793	0.166667	0.237431	0.008791
0.8160	0.000001	0.119939	0.099380	0.284261	0.166667	0.239338	0.008699
0.8320	0.000001	0.119744	0.098743	0.281720	0.166667	0.241261	0.008607
0.8480	0.000000	0.119546	0.098104	0.279170	0.166667	0.243199	0.008516
0.8640	0.000000	0.119345	0.097466	0.276613	0.166667	0.245152	0.008426
0.8800	0.000000	0.119140	0.096827	0.274049	0.166667	0.247121	0.008336
0.8960	0.000000	0.118932	0.096188	0.271481	0.166667	0.249106	0.008247
0.9120	0.000000	0.118721	0.095549	0.268908	0.166667	0.251107	0.008159
0.9280	0.000000	0.118506	0.094910	0.266333	0.166667	0.253124	0.008071
0.9440	0.000000	0.118289	0.094271	0.263755	0.166667	0.255157	0.007985
0.9600	0.000000	0.118068	0.093631	0.261177	0.166667	0.257206	0.007898
0.9760	0.000000	0.117844	0.092992	0.258598	0.166667	0.259272	0.007813
0.9920	0.000000	0.117617	0.092354	0.256020	0.166667	0.261355	0.007728
1.0080	0.000000	0.117386	0.091715	0.253444	0.166667	0.263454	0.007644
1.0240	0.000000	0.117153	0.091077	0.250870	0.166667	0.265570	0.007561
1.0400	0.000000	0.116917	0.090439	0.248300	0.166667	0.267703	0.007479
1.0560	0.000000	0.116677	0.089801	0.245733	0.166667	0.269853	0.007397
1.0720	0.000000	0.116435	0.089164	0.243172	0.166667	0.272021	0.007316
1.0880	0.000000	0.116190	0.088528	0.240616	0.166667	0.274206	0.007235
1.1040	0.000000	0.115941	0.087892	0.238066	0.166667	0.276408	0.007155
1.1200	0.000000	0.115690	0.087257	0.235524	0.166667	0.278628	0.007076
1.1360	0.000000	0.115436	0.086622	0.232989	0.166667	0.280866	0.006998
1.1520	0.000000	0.115179	0.085989	0.230462	0.166667	0.283122	0.006920
1.1680	0.000000	0.114920	0.085356	0.227945	0.166667	0.285396	0.006843
1.1840	0.000000	0.114657	0.084724	0.225437	0.166667	0.287688	0.006766
1.2000	0.000000	0.114392	0.084093	0.222939	0.166667	0.289999	0.006690
1.2160	0.000000	0.114124	0.083463	0.220451	0.166667	0.292329	0.006615
1.2320	0.000000	0.113854	0.082835	0.217975	0.166667	0.294677	0.006541
1.2480	0.000000	0.113580	0.082207	0.215511	0.166667	0.297043	0.006467
1.2640	0.000000	0.113304	0.081581	0.213059	0.166667	0.299429	0.006394
1.2800	0.000000	0.113026	0.080956	0.210620	0.166667	0.301834	0.006321
1.2960	0.000000	0.112745	0.080332	0.208193	0.166667	0.304259	0.006249
1.3120	0.000000	0.112461	0.079709	0.205780	0.166667	0.306702	0.006178
1.3280	0.000000	0.112175	0.079088	0.203382	0.166667	0.309166	0.006108
1.3440	0.000000	0.111886	0.078469	0.200997	0.166667	0.311649	0.006038
1.3600	0.000000	0.111595	0.077851	0.198627	0.166667	0.314152	0.005968
1.3760	0.000000	0.111301	0.077234	0.196272	0.166667	0.316676	0.005900
1.3920	0.000000	0.111005	0.076619	0.193933	0.166667	0.319219	0.005832
1.4080	0.000000	0.110707	0.076006	0.191609	0.166667	0.321783	0.005764
1.4240	0.000000	0.110406	0.075394	0.189302	0.166667	0.324368	0.005698
1.4400	0.000000	0.110103	0.074784	0.187010	0.166667	0.326973	0.005631
1.4560	0.000000	0.109798	0.074176	0.184735	0.166667	0.329599	0.005566
1.4720	0.000000	0.109491	0.073570	0.182477	0.166667	0.332247	0.005501
1.4880	0.000000	0.109181	0.072966	0.180236	0.166667	0.334915	0.005437
1.5040	0.000000	0.108869	0.072363	0.178012	0.166667	0.337606	0.005373
1.5200	0.000000	0.108555	0.071763	0.175806	0.166667	0.340317	0.005310
1.5360	0.000000	0.108239	0.071165	0.173617	0.166667	0.343051	0.005247
1.5520	0.000000	0.107921	0.070568	0.171446	0.166667	0.345806	0.005186
1.5680	0.000000	0.107601	0.069974	0.169293	0.166667	0.348584	0.005124
1.5840	0.000000	0.107279	0.069382	0.167158	0.166667	0.351383	0.005063
1.6000	0.000000	0.106955	0.068792	0.165041	0.166667	0.354206	0.005003
1.6160	0.000000	0.106629	0.068204	0.162943	0.166667	0.357051	0.004944
1.6320	0.000000	0.106301	0.067619	0.160863	0.166667	0.359919	0.004885
1.6480	0.000000	0.105971	0.067036	0.158802	0.166667	0.362810	0.004826
1.6640	0.000000	0.105639	0.066455	0.156759	0.166667	0.365724	0.004769
1.6800	0.000000	0.105306	0.065876	0.154735	0.166667	0.368661	0.004711
1.6960	0.000000	0.104971	0.065300	0.152731	0.166667	0.371622	0.004655
1.7120	0.000000	0.104633	0.064727	0.150744	0.166667	0.374607	0.004599
1.7280	0.000000	0.104295	0.064156	0.148777	0.166667	0.377616	0.004543
1.7440	0.000000	0.103954	0.063587	0.146829	0.166667	0.380649	0.004488
1.7600	0.000000	0.103612	0.063021	0.144900	0.166667	0.383707	0.004434
1.7760	0.000000	0.103269	0.062457	0.142990	0.166667	0.386789	0.004380
1.7920	0.000000	0.102923	0.061896	0.141099	0.166667	0.389895	0.004326
1.8080	0.000000	0.102577	0.061338	0.139227	0.166667	0.393027	0.004274
1.8240	0.000000	0.102228	0.060782	0.137375	0.166667	0.396184	0.004221
1.8400	0.000000	0.101878	0.060229	0.135541	0.166667	0.399366	0.004170
1.8560	0.000000	0.101527	0.059678	0.133726	0.166667	0.402574	0.004118
1.8720	0.000000	0.101175	0.059131	0.131930	0.166667	0.405807	0.004068
1.8880	0.000000	0.100820	0.058586	0.130154	0.166667	0.409067	0.004018
1.9040	0.000000	0.100465	0.058044	0.128396	0.166667	0.412352	0.003968
1.9200	0.000000	0.100108	0.057504	0.126657	0.166667	0.415664	0.003919
1.9360	0.000000	0.099750	0.056968	0.124937	0.166667	0.419003	0.003870
1.9520	0.000000	0.099391	0.056434	0.123236	0.166667	0.422369	0.003822
1.9680	0.000000	0.099031	0.055903	0.121554	0.166667	0.425761	0.003775
1.9840	0.000000	0.098669	0.055375	0.119890	0.166667	0.429181	0.003727
2.0000	0.000000	0.098306	0.054850	0.118245	0.166667	0.432628	0.003681
2.0160	0.000000	0.097942	0.054328	0.116618	0.166667	0.436103	0.003635
2.0320	0.000000	0.097577	0.053809	0.115010	0.166667	0.439606	0.003589
2.0480	0.000000	0.097211	0.053293	0.113420	0.166667	0.443137	0.003544
2.0640	0.000000	0.096844	0.052780	0.111849	0.166667	0.446696	0.003499
2.0800	0.000000	0.096475	0.052269	0.110295	0.166667	0.450284	0.003455
2.0960	0.000000	0.096106	0.051762	0.108760	0.166667	0.453901	0.003412
2.1120	0.000000	0.095736	0.051258	0.107243	0.166667	0.457546	0.003368
2.1280	0.000000	0.095365	0.050757	0.105743	0.166667	0.461221	0.003326
2.1440	0.000000	0.094993	0.050259	0.104262	0.166667	0.464926	0.003283
2.1600	0.000000	0.094620	0.049764	0.102798	0.166667	0.468660	0.003242
2.1760	0.000000	0.094247	0.049272	0.101352	0.166667	0.472425	0.003200
2.1920	0.000000	0.093872	0.048783	0.099923	0.166667	0.476219	0.003159
2.2080	0.000000	0.093497	0.048297	0.098511	0.166667	0.480044	0.003119
2.2240	0.000000	0.093121	0.047815	0.097117	0.166667	0.483900	0.003079
2.2400	0.000000	0.092745	0.047335	0.095740	0.166667	0.487787	0.003040
2.2560	0.000000	0.092368	0.046859	0.094379	0.166667	0.491705	0.003000
2.2720	0.000000	0.091990	0.046386	0.093036	0.166667	0.495654	0.002962
2.2880	0.000000	0.091611	0.045916	0.091709	0.166667	0.499635	0.002924
2.3040	0.000000	0.091232	0.045449	0.090399	0.166667	0.503648	0.002886
2.3200	0.000000	0.090853	0.044985	0.089105	0.166667	0.507694	0.002848
2.3360	0.000000	0.090472	0.044525	0.087828	0.166667	0.511771	0.002811
2.3520	0.000000	0.090092	0.044068	0.086566	0.166667	0.515882	0.002775
2.3680	0.000000	0.089711	0.043613	0.085321	0.166667	0.520026	0.002739
2.3840	0.000000	0.089329	0.043162	0.084092	0.166667	0.524203	0.002703
2.4000	0.000000	0.088947	0.042715	0.082878	0.166667	0.528413	0.002668
2.4160	0.000000	0.088565	0.042270	0.081680	0.166667	0.532657	0.002633
2.4320	0.000000	0.088182	0.041829	0.080498	0.166667	0.536936	0.002598
2.4480	0.000000	0.087799	0.041391	0.079331	0.166667	0.541248	0.002564
2.4640	0.000000	0.087416	0.040956	0.078179	0.166667	0.545596	0.002531
2.4800	0.000000	0.087032	0.040524	0.077042	0.166667	0.549978	0.002497
2.4960	0.000000	0.086648	0.040096	0.075920	0.166667	0.554395	0.002464
2.5120	0.000000	0.086264	0.039670	0.074812	0.166667	0.558848	0.002432
2.5280	0.000000	0.085880	0.039248	0.073720	0.166667	0.563337	0.002400
2.5440	0.000000	0.085496	0.038829	0.072642	0.166667	0.567862	0.002368
2.5600	0.000000	0.085111	0.038414	0.071578	0.166667	0.572423	0.002337
2.5760	0.000000	0.084726	0.038001	0.070528	0.166667	0.577021	0.002305
2.5920	0.000000	0.084342	0.037592	0.069493	0.166667	0.581655	0.002275
2.6080	0.000000	0.083957	0.037186	0.068471	0.166667	0.586327	0.002245
2.6240	0.000000	0.083572	0.036783	0.067463	0.166667	0.591037	0.002215
2.6400	0.000000	0.083187	0.036383	0.066469	0.166667	0.595784	0.002185
2.6560	0.000000	0.082802	0.035987	0.065488	0.166667	0.600569	0.002156
2.6720	0.000000	0.082417	0.035594	0.064520	0.166667	0.605393	0.002127
2.6880	0.000000	0.082032	0.035204	0.063566	0.166667	0.610256	0.002098
2.7040	0.000000	0.081648	0.034817	0.062624	0.166667	0.615157	0.002070
2.7200	0.000000	0.081263	0.034433	0.061696	0.166667	0.620098	0.002042
2.7360	0.000000	0.080879	0.034052	0.060780	0.166667	0.625079	0.002015
2.7520	0.000000	0.080494	0.033675	0.059877	0.166667	0.630100	0.001988
2.7680	0.000000	0.080110	0.033301	0.058986	0.166667	0.635161	0.001961
2.7840	0.000000	0.079726	0.032930	0.058108	0.166667	0.640262	0.001934
2.8000	0.000000	0.079342	0.032562	0.057242	0.166667	0.645405	0.001908
2.8160	0.000000	0.078959	0.032197	0.056387	0.166667	0.650589	0.001882
2.8320	0.000000	0.078576	0.031835	0.055545	0.166667	0.655815	0.001857
2.8480	0.000000	0.078193	0.031477	0.054715	0.166667	0.661082	0.001831
2.8640	0.000000	0.077810	0.031121	0.053896	0.166667	0.666392	0.001806
2.8800	0.000000	0.077428	0.030769	0.053088	0.166667	0.671745	0.001782
2.8960	0.000000	0.077046	0.030419	0.052292	0.166667	0.677140	0.001757
2.9120	0.000000	0.076664	0.030073	0.051507	0.166667	0.682579	0.001733
2.9280	0.000000	0.076283	0.029730	0.050734	0.166667	0.688061	0.001710
2.9440	0.000000	0.075902	0.029390	0.049971	0.166667	0.693588	0.001686
2.9600	0.000000	0.075522	0.029053	0.049219	0.166667	0.699159	0.001663
2.9760	0.000000	0.075142	0.028719	0.048477	0.166667	0.704775	0.001640
2.9920	0.000000	0.074763	0.028388	0.047746	0.166667	0.710436	0.001618
3.0080	0.000000	0.074384	0.028060	0.047026	0.000000	0.716142	0.001595
3.0240	0.000000	0.074005	0.027735	0.046316	0.000000	0.721894	0.001573
3.0400	0.000000	0.073628	0.027413	0.045616	0.000000	0.727692	0.001552
3.0560	0.000000	0.073250	0.027094	0.044926	0.000000	0.733537	0.001530
3.0720	0.000000	0.072873	0.026778	0.044246	0.000000	0.739429	0.001509
3.0880	0.000000	0.072497	0.026464	0.043576	0.000000	0.745368	0.001488
3.1040	0.000000	0.072122	0.026154	0.042915	0.000000	0.751355	0.001467
3.1200	0.000000	0.071747	0.025847	0.042264	0.000000	0.757390	0.001447
3.1360	0.000000	0.071372	0.025543	0.041622	0.000000	0.763473	0.001427
3.1520	0.000000	0.070999	0.025241	0.040990	0.000000	0.769606	0.001407
3.1680	0.000000	0.070626	0.024942	0.040367	0.000000	0.775787	0.001387
3.1840	0.000000	0.070253	0.024647	0.039752	0.000000	0.782018	0.001368
3.2000	0.000000	0.069882	0.024354	0.039147	0.000000	0.788300	0.001349
3.2160	0.000000	0.069511	0.024064	0.038551	0.000000	0.794631	0.001330
3.2320	0.000000	0.069141	0.023777	0.037963	0.000000	0.801014	0.001311
3.2480	0.000000	0.068772	0.023492	0.037384	0.000000	0.807448	0.001293
3.2640	0.000000	0.068403	0.023210	0.036813	0.000000	0.813933	0.001275
3.2800	0.000000	0.068035	0.022932	0.036251	0.000000	0.820471	0.001257
3.2960	0.000000	0.067668	0.022655	0.035697	0.000000	0.827061	0.001239
3.3120	0.000000	0.067302	0.022382	0.035151	0.000000	0.833704	0.001222
3.3280	0.000000	0.066936	0.022111	0.034613	0.000000	0.840400	0.001205
3.3440	0.000000	0.066572	0.021843	0.034083	0.000000	0.847150	0.001188
3.3600	0.000000	0.066208	0.021578	0.033561	0.000000	0.853955	0.001171
3.3760	0.000000	0.065845	0.021316	0.033046	0.000000	0.860814	0.001154
3.3920	0.000000	0.065484	0.021056	0.032539	0.000000	0.867728	0.001138
3.4080	0.000000	0.065122	0.020799	0.032040	0.000000	0.874698	0.001122
3.4240	0.000000	0.064762	0.020544	0.031548	0.000000	0.881723	0.001106
3.4400	0.000000	0.064403	0.020292	0.031063	0.000000	0.888805	0.001090
3.4560	0.000000	0.064045	0.020043	0.030586	0.000000	0.895944	0.001075
3.4720	0.000000	0.063688	0.019796	0.030115	0.000000	0.903141	0.001060
3.4880	0.000000	0.063331	0.019551	0.029652	0.000000	0.910395	0.001044
3.5040	0.000000	0.062976	0.019310	0.029195	0.000000	0.917707	0.001030
3.5200	0.000000	0.062621	0.019070	0.028746	0.000000	0.925078	0.001015
3.5360	0.000000	0.062268	0.018834	0.028303	0.000000	0.932508	0.001000
3.5520	0.000000	0.061916	0.018600	0.027866	0.000000	0.939998	0.000986
3.5680	0.000000	0.061564	0.018368	0.027437	0.000000	0.947549	0.000972
3.5840	0.000000	0.061214	0.018139	0.027013	0.000000	0.955159	0.000958
3.6000	0.000000	0.060865	0.017912	0.026596	0.000000	0.962831	0.000944
3.6160	0.000000	0.060516	0.017687	0.026185	0.000000	0.970565	0.000931
3.6320	0.000000	0.060169	0.017465	0.025781	0.000000	0.978361	0.000917
3.6480	0.000000	0.059823	0.017246	0.025382	0.000000	0.986219	0.000904
3.6640	0.000000	0.059478	0.017029	0.024990	0.000000	0.994140	0.000891
3.6800	0.000000	0.059134	0.016814	0.024603	0.000000	1.002125	0.000878
3.6960	0.000000	0.058791	0.016601	0.024222	0.000000	1.010174	0.000866
3.7120	0.000000	0.058450	0.016391	0.023847	0.000000	1.018288	0.000853
3.7280	0.000000	0.058109	0.016183	0.023478	0.000000	1.026467	0.000841
3.7440	0.000000	0.057769	0.015977	0.023114	0.000000	1.034712	0.000829
3.7600	0.000000	0.057431	0.015774	0.022756	0.000000	1.043023	0.000817
3.7760	0.000000	0.057094	0.015573	0.022403	0.000000	1.051400	0.000805
3.7920	0.000000	0.056758	0.015374	0.022055	0.000000	1.059845	0.000793
3.8080	0.000000	0.056423	0.015177	0.021713	0.000000	1.068358	0.000782
3.8240	0.000000	0.056089	0.014983	0.021376	0.000000	1.076939	0.000771
3.8400	0.000000	0.055756	0.014790	0.021044	0.000000	1.085589	0.000759
3.8560	0.000000	0.055425	0.014600	0.020717	0.000000	1.094309	0.000748
3.8720	0.000000	0.055095	0.014412	0.020395	0.000000	1.103098	0.000737
3.8880	0.000000	0.054766	0.014226	0.020078	0.000000	1.111959	0.000727
3.9040	0.000000	0.054438	0.014042	0.019765	0.000000	1.120890	0.000716
3.9200	0.000000	0.054111	0.013861	0.019458	0.000000	1.129893	0.000706
3.9360	0.000000	0.053786	0.013681	0.019155	0.000000	1.138968	0.000695
3.9520	0.000000	0.053462	0.013503	0.018857	0.000000	1.148117	0.000685
3.9680	0.000000	0.053139	0.013328	0.018563	0.000000	1.157338	0.000675
3.9840	0.000000	0.052817	0.013154	0.018274	0.000000	1.166634	0.000665
4.0000	0.000000	0.052497	0.012983	0.017989	0.000000	1.176005	0.000656
4.0160	0.000000	0.052178	0.012813	0.017709	0.000000	1.185451	0.000646
4.0320	0.000000	0.051860	0.012645	0.017433	0.000000	1.194972	0.000637
4.0480	0.000000	0.051543	0.012480	0.017161	0.000000	1.204570	0.000627
4.0640	0.000000	0.051227	0.012316	0.016893	0.000000	1.214246	0.000618
4.0800	0.000000	0.050913	0.012154	0.016630	0.000000	1.223998	0.000609
4.0960	0.000000	0.050600	0.011994	0.016370	0.000000	1.233830	0.000600
4.1120	0.000000	0.050289	0.011836	0.016114	0.000000	1.243740	0.000591
4.1280	0.000000	0.049978	0.011680	0.015863	0.000000	1.253730	0.000583
4.1440	0.000000	0.049669	0.011525	0.015615	0.000000	1.263800	0.000574
4.1600	0.000000	0.049361	0.011373	0.015371	0.000000	1.273951	0.000566
4.1760	0.000000	0.049055	0.011222	0.015131	0.000000	1.284183	0.000557
4.1920	0.000000	0.048749	0.011073	0.014894	0.000000	1.294498	0.000549
4.2080	0.000000	0.048446	0.010926	0.014661	0.000000	1.304895	0.000541
4.2240	0.000000	0.048143	0.010780	0.014432	0.000000	1.315376	0.000533
4.2400	0.000000	0.047842	0.010637	0.014206	0.000000	1.325942	0.000525
4.2560	0.000000	0.047541	0.010495	0.013984	0.000000	1.336592	0.000517
4.2720	0.000000	0.047243	0.010355	0.013765	0.000000	1.347327	0.000510
4.2880	0.000000	0.046945	0.010216	0.013550	0.000000	1.358149	0.000502
4.3040	0.000000	0.046649	0.010079	0.013337	0.000000	1.369058	0.000495
4.3200	0.000000	0.046354	0.009944	0.013129	0.000000	1.380054	0.000487
4.3360	0.000000	0.046061	0.009810	0.012923	0.000000	1.391139	0.000480
4.3520	0.000000	0.045769	0.009678	0.012720	0.000000	1.402313	0.000473
4.3680	0.000000	0.045478	0.009548	0.012521	0.000000	1.413576	0.000466
4.3840	0.000000	0.045188	0.009419	0.012325	0.000000	1.424930	0.000459
4.4000	0.000000	0.044900	0.009292	0.012132	0.000000	1.436376	0.000452
4.4160	0.000000	0.044613	0.009166	0.011941	0.000000	1.447913	0.000445
4.4320	0.000000	0.044328	0.009042	0.011754	0.000000	1.459542	0.000439
4.4480	0.000000	0.044044	0.008920	0.011570	0.000000	1.471266	0.000432
4.4640	0.000000	0.043761	0.008798	0.011388	0.000000	1.483083	0.000426
4.4800	0.000000	0.043479	0.008679	0.011209	0.000000	1.494995	0.000419
4.4960	0.000000	0.043199	0.008561	0.011034	0.000000	1.507003	0.000413
4.5120	0.000000	0.042920	0.008444	0.010860	0.000000	1.519107	0.000407
4.5280	0.000000	0.042642	0.008329	0.010690	0.000000	1.531309	0.000401
4.5440	0.000000	0.042366	0.008215	0.010522	0.000000	1.543609	0.000395
4.5600	0.000000	0.042091	0.008103	0.010357	0.000000	1.556007	0.000389
4.5760	0.000000	0.041818	0.007992	0.010194	0.000000	1.568505	0.000383
4.5920	0.000000	0.041545	0.007883	0.010034	0.000000	1.581103	0.000377
4.6080	0.000000	0.041274	0.007774	0.009876	0.000000	1.593803	0.000372
4.6240	0.000000	0.041005	0.007668	0.009721	0.000000	1.606604	0.000366
4.6400	0.000000	0.040737	0.007562	0.009568	0.000000	1.619509	0.000361
4.6560	0.000000	0.040470	0.007458	0.009418	0.000000	1.632517	0.000355
4.6720	0.000000	0.040204	0.007355	0.009270	0.000000	1.645629	0.000350
4.6880	0.000000	0.039940	0.007254	0.009124	0.000000	1.658847	0.000345
4.7040	0.000000	0.039677	0.007154	0.008980	0.000000	1.672171	0.000340
4.7200	0.000000	0.039415	0.007055	0.008839	0.000000	1.685602	0.000334
4.7360	0.000000	0.039155	0.006957	0.008700	0.000000	1.699141	0.000329
4.7520	0.000000	0.038896	0.006861	0.008563	0.000000	1.712789	0.000324
4.7680	0.000000	0.038639	0.006766	0.008428	0.000000	1.726546	0.000320
4.7840	0.000000	0.038382	0.006672	0.008296	0.000000	1.740414	0.000315
4.8000	0.000000	0.038127	0.006579	0.008165	0.000000	1.754393	0.000310
4.8160	0.000000	0.037874	0.006487	0.008036	0.000000	1.768484	0.000305
4.8320	0.000000	0.037622	0.006397	0.007910	0.000000	1.782689	0.000301
4.8480	0.000000	0.037371	0.006308	0.007785	0.000000	1.797008	0.000296
4.8640	0.000000	0.037121	0.006220	0.007663	0.000000	1.811441	0.000292
4.8800	0.000000	0.036873	0.006133	0.007542	0.000000	1.825991	0.000287
4.8960	0.000000	0.036626	0.006047	0.007423	0.000000	1.840658	0.000283
4.9120	0.000000	0.036380	0.005963	0.007306	0.000000	1.855442	0.000279
4.9280	0.000000	0.036135	0.005879	0.007191	0.000000	1.870345	0.000274
4.9440	0.000000	0.035892	0.005797	0.007078	0.000000	1.885368	0.000270
4.9600	0.000000	0.035651	0.005715	0.006966	0.000000	1.900511	0.000266
4.9760	0.000000	0.035410	0.005635	0.006856	0.000000	1.915776	0.000262
4.9920	0.000000	0.035171	0.005556	0.006748	0.000000	1.931164	0.000258
5.0080	0.000000	0.034933	0.005477	0.006642	0.000000	1.946675	0.000254
5.0240	0.000000	0.034697	0.005400	0.006537	0.000000	1.962311	0.000250
5.0400	0.000000	0.034461	0.005324	0.006434	0.000000	1.978073	0.000247
5.0560	0.000000	0.034227	0.005249	0.006333	0.000000	1.993961	0.000243
5.0720	0.000000	0.033995	0.005175	0.006233	0.000000	2.000000	0.000239
5.0880	0.000000	0.033763	0.005101	0.006134	0.000000	2.000000	0.000236
5.1040	0.000000	0.033533	0.005029	0.006038	0.000000	2.000000	0.000232
5.1200	0.000000	0.033304	0.004958	0.005942	0.000000	2.000000	0.000228
5.1360	0.000000	0.033077	0.004888	0.005849	0.000000	2.000000	0.000225
5.1520	0.000000	0.032850	0.004818	0.005756	0.000000	2.000000	0.000222
5.1680	0.000000	0.032625	0.004750	0.005665	0.000000	2.000000	0.000218
5.1840	0.000000	0.032402	0.004682	0.005576	0.000000	2.000000	0.000215
5.2000	0.000000	0.032179	0.004616	0.005488	0.000000	2.000000	0.000212
5.2160	0.000000	0.031958	0.004550	0.005401	0.000000	2.000000	0.000208
5.2320	0.000000	0.031738	0.004485	0.005316	0.000000	2.000000	0.000205
5.2480	0.000000	0.031519	0.004421	0.005232	0.000000	2.000000	0.000202
5.2640	0.000000	0.031302	0.004358	0.005150	0.000000	2.000000	0.000199
5.2800	0.000000	0.031086	0.004296	0.005068	0.000000	2.000000	0.000196
5.2960	0.000000	0.030871	0.004234	0.004988	0.000000	2.000000	0.000193
5.3120	0.000000	0.030657	0.004174	0.004909	0.000000	2.000000	0.000190
5.3280	0.000000	0.030445	0.004114	0.004832	0.000000	2.000000	0.000187
5.3440	0.000000	0.030233	0.004055	0.004756	0.000000	2.000000	0.000184
5.3600	0.000000	0.030023	0.003997	0.004680	0.000000	2.000000	0.000181
5.3760	0.000000	0.029815	0.003939	0.004606	0.000000	2.000000	0.000179
5.3920	0.000000	0.029607	0.003883	0.004534	0.000000	2.000000	0.000176
5.4080	0.000000	0.029401	0.003827	0.004462	0.000000	2.000000	0.000173
5.4240	0.000000	0.029196	0.003772	0.004392	0.000000	2.000000	0.000171
5.4400	0.000000	0.028992	0.003717	0.004322	0.000000	2.000000	0.000168
5.4560	0.000000	0.028789	0.003664	0.004254	0.000000	2.000000	0.000165
5.4720	0.000000	0.028588	0.003611	0.004187	0.000000	2.000000	0.000163
5.4880	0.000000	0.028388	0.003559	0.004120	0.000000	2.000000	0.000160
5.5040	0.000000	0.028188	0.003507	0.004055	0.000000	2.000000	0.000158
5.5200	0.000000	0.027991	0.003457	0.003991	0.000000	2.000000	0.000155
5.5360	0.000000	0.027794	0.003407	0.003928	0.000000	2.000000	0.000153
5.5520	0.000000	0.027598	0.003357	0.003866	0.000000	2.000000	0.000151
5.5680	0.000000	0.027404	0.003309	0.003805	0.000000	2.000000	0.000148
5.5840	0.000000	0.027211	0.003261	0.003745	0.000000	2.000000	0.000146
5.6000	0.000000	0.027019	0.003213	0.003685	0.000000	2.000000	0.000144
5.6160	0.000000	0.026828	0.003167	0.003627	0.000000	2.000000	0.000142
5.6320	0.000000	0.026639	0.003121	0.003570	0.000000	2.000000	0.000140
5.6480	0.000000	0.026450	0.003075	0.003513	0.000000	2.000000	0.000137
5.6640	0.000000	0.026263	0.003030	0.003458	0.000000	2.000000	0.000135
5.6800	0.000000	0.026077	0.002986	0.003403	0.000000	2.000000	0.000133
5.6960	0.000000	0.025892	0.002943	0.003349	0.000000	2.000000	0.000131
5.7120	0.000000	0.025708	0.002900	0.003296	0.000000	2.000000	0.000129
5.7280	0.000000	0.025525	0.002858	0.003244	0.000000	2.000000	0.000127
5.7440	0.000000	0.025344	0.002816	0.003193	0.000000	2.000000	0.000125
5.7600	0.000000	0.025163	0.002775	0.003142	0.000000	2.000000	0.000123
5.7760	0.000000	0.024984	0.002734	0.003093	0.000000	2.000000	0.000121
5.7920	0.000000	0.024805	0.002694	0.003044	0.000000	2.000000	0.000119
5.8080	0.000000	0.024628	0.002655	0.002995	0.000000	2.000000	0.000118
5.8240	0.000000	0.024452	0.002616	0.002948	0.000000	2.000000	0.000116
5.8400	0.000000	0.024277	0.002577	0.002901	0.000000	2.000000	0.000114
5.8560	0.000000	0.024104	0.002540	0.002855	0.000000	2.000000	0.000112
5.8720	0.000000	0.023931	0.002502	0.002810	0.000000	2.000000	0.000111
5.8880	0.000000	0.023759	0.002466	0.002766	0.000000	2.000000	0.000109
5.9040	0.000000	0.023589	0.002429	0.002722	0.000000	2.000000	0.000107
5.9200	0.000000	0.023419	0.002394	0.002679	0.000000	2.000000	0.000105
5.9360	0.000000	0.023251	0.002358	0.002636	0.000000	2.000000	0.000104
5.9520	0.000000	0.023084	0.002324	0.002595	0.000000	2.000000	0.000102
5.9680	0.000000	0.022918	0.002290	0.002554	0.000000	2.000000	0.000101
5.9840	0.000000	0.022752	0.002256	0.002513	0.000000	2.000000	0.000099
6.0000	0.000000	0.022588	0.002222	0.002473	0.000000	2.000000	0.000098
6.0160	0.000000	0.022425	0.002190	0.002434	0.000000	2.000000	0.000096
6.0320	0.000000	0.022263	0.002157	0.002396	0.000000	2.000000	0.000095
6.0480	0.000000	0.022102	0.002125	0.002358	0.000000	2.000000	0.000093
6.0640	0.000000	0.021942	0.002094	0.002320	0.000000	2.000000	0.000092
6.0800	0.000000	0.021784	0.002063	0.002284	0.000000	2.000000	0.000090
6.0960	0.000000	0.021626	0.002033	0.002248	0.000000	2.000000	0.000089
6.1120	0.000000	0.021469	0.002002	0.002212	0.000000	2.000000	0.000087
6.1280	0.000000	0.021313	0.001973	0.002177	0.000000	2.000000	0.000086
6.1440	0.000000	0.021158	0.001944	0.002142	0.000000	2.000000	0.000085
6.1600	0.000000	0.021005	0.001915	0.002109	0.000000	2.000000	0.000083
6.1760	0.000000	0.020852	0.001886	0.002075	0.000000	2.000000	0.000082
6.1920	0.000000	0.020700	0.001858	0.002042	0.000000	2.000000	0.000081
6.2080	0.000000	0.020549	0.001831	0.002010	0.000000	2.000000	0.000080
6.2240	0.000000	0.020399	0.001804	0.001978	0.000000	2.000000	0.000078
6.2400	0.000000	0.020251	0.001777	0.001947	0.000000	2.000000	0.000077
6.2560	0.000000	0.020103	0.001750	0.001916	0.000000	2.000000	0.000076
6.2720	0.000000	0.019956	0.001724	0.001886	0.000000	2.000000	0.000075
6.2880	0.000000	0.019810	0.001699	0.001856	0.000000	2.000000	0.000074
6.3040	0.000000	0.019665	0.001673	0.001826	0.000000	2.000000	0.000073
6.3200	0.000000	0.019521	0.001648	0.001797	0.000000	2.000000	0.000071
6.3360	0.000000	0.019378	0.001624	0.001769	0.000000	2.000000	0.000070
6.3520	0.000000	0.019236	0.001599	0.001741	0.000000	2.000000	0.000069
6.3680	0.000000	0.019095	0.001576	0.001713	0.000000	2.000000	0.000068
6.3840	0.000000	0.018955	0.001552	0.001686	0.000000	2.000000	0.000067
6.4000	0.000000	0.018816	0.001529	0.001659	0.000000	2.000000	0.000066
6.4160	0.000000	0.018678	0.001506	0.001633	0.000000	2.000000	0.000065
6.4320	0.000000	0.018540	0.001483	0.001607	0.000000	2.000000	0.000064
6.4480	0.000000	0.018404	0.001461	0.001582	0.000000	2.000000	0.000063
6.4640	0.000000	0.018268	0.001439	0.001557	0.000000	2.000000	0.000062
6.4800	0.000000	0.018134	0.001418	0.001532	0.000000	2.000000	0.000061
6.4960	0.000000	0.018000	0.001397	0.001508	0.000000	2.000000	0.000060
6.5120	0.000000	0.017867	0.001376	0.001484	0.000000	2.000000	0.000059
6.5280	0.000000	0.017735	0.001355	0.001460	0.000000	2.000000	0.000058
6.5440	0.000000	0.017604	0.001335	0.001437	0.000000	2.000000	0.000057
6.5600	0.000000	0.017474	0.001315	0.001414	0.000000	2.000000	0.000056
6.5760	0.000000	0.017345	0.001295	0.001392	0.000000	2.000000	0.000056
6.5920	0.000000	0.017217	0.001275	0.001370	0.000000	2.000000	0.000055
6.6080	0.000000	0.017089	0.001256	0.001348	0.000000	2.000000	0.000054
6.6240	0.000000	0.016963	0.001237	0.001327	0.000000	2.000000	0.000053
6.6400	0.000000	0.016837	0.001219	0.001306	0.000000	2.000000	0.000052
6.6560	0.000000	0.016712	0.001200	0.001285	0.000000	2.000000	0.000051
6.6720	0.000000	0.016588	0.001182	0.001265	0.000000	2.000000	0.000051
6.6880	0.000000	0.016465	0.001165	0.001245	0.000000	2.000000	0.000050
6.7040	0.000000	0.016343	0.001147	0.001225	0.000000	2.000000	0.000049
6.7200	0.000000	0.016221	0.001130	0.001205	0.000000	2.000000	0.000048
6.7360	0.000000	0.016101	0.001113	0.001186	0.000000	2.000000	0.000047
6.7520	0.000000	0.015981	0.001096	0.001168	0.000000	2.000000	0.000047
6.7680	0.000000	0.015862	0.001079	0.001149	0.000000	2.000000	0.000046
6.7840	0.000000	0.015744	0.001063	0.001131	0.000000	2.000000	0.000045
6.8000	0.000000	0.015626	0.001047	0.001113	0.000000	2.000000	0.000045
6.8160	0.000000	0.015510	0.001031	0.001095	0.000000	2.000000	0.000044
6.8320	0.000000	0.015394	0.001016	0.001078	0.000000	2.000000	0.000043
6.8480	0.000000	0.015279	0.001000	0.001061	0.000000	2.000000	0.000043
6.8640	0.000000	0.015165	0.000985	0.001044	0.000000	2.000000	0.000042
6.8800	0.000000	0.015052	0.000970	0.001027	0.000000	2.000000	0.000041
6.8960	0.000000	0.014939	0.000955	0.001011	0.000000	2.000000	0.000041
6.9120	0.000000	0.014827	0.000941	0.000995	0.000000	2.000000	0.000040
6.9280	0.000000	0.014716	0.000927	0.000979	0.000000	2.000000	0.000039
6.9440	0.000000	0.014606	0.000913	0.000964	0.000000	2.000000	0.000039
6.9600	0.000000	0.014497	0.000899	0.000949	0.000000	2.000000	0.000038
6.9760	0.000000	0.014388	0.000885	0.000933	0.000000	2.000000	0.000037
6.9920	0.000000	0.014280	0.000872	0.000919	0.000000	2.000000	0.000037
7.0080	0.000000	0.014173	0.000859	0.000904	0.000000	2.000000	0.000036
7.0240	0.000000	0.014067	0.000846	0.000890	0.000000	2.000000	0.000036
7.0400	0.000000	0.013961	0.000833	0.000876	0.000000	2.000000	0.000035
7.0560	0.000000	0.013856	0.000820	0.000862	0.000000	2.000000	0.000035
7.0720	0.000000	0.013752	0.000808	0.000848	0.000000	2.000000	0.000034
7.0880	0.000000	0.013649	0.000795	0.000835	0.000000	2.000000	0.000034
7.1040	0.000000	0.013546	0.000783	0.000821	0.000000	2.000000	0.000033
7.1200	0.000000	0.013444	0.000771	0.000808	0.000000	2.000000	0.000033
7.1360	0.000000	0.013343	0.000760	0.000796	0.000000	2.000000	0.000032
7.1520	0.000000	0.013242	0.000748	0.000783	0.000000	2.000000	0.000031
7.1680	0.000000	0.013142	0.000737	0.000771	0.000000	2.000000	0.000031
7.1840	0.000000	0.013043	0.000725	0.000758	0.000000	2.000000	0.000031
7.2000	0.000000	0.012945	0.000714	0.000746	0.000000	2.000000	0.000030
7.2160	0.000000	0.012847	0.000703	0.000734	0.000000	2.000000	0.000030
7.2320	0.000000	0.012750	0.000693	0.000723	0.000000	2.000000	0.000029
7.2480	0.000000	0.012654	0.000682	0.000711	0.000000	2.000000	0.000029
7.2640	0.000000	0.012558	0.000672	0.000700	0.000000	2.000000	0.000028
7.2800	0.000000	0.012463	0.000661	0.000689	0.000000	2.000000	0.000028
7.2960	0.000000	0.012369	0.000651	0.000678	0.000000	2.000000	0.000027
7.3120	0.000000	0.012275	0.000641	0.000667	0.000000	2.000000	0.000027
7.3280	0.000000	0.012182	0.000632	0.000657	0.000000	2.000000	0.000026
7.3440	0.000000	0.012090	0.000622	0.000646	0.000000	2.000000	0.000026
7.3600	0.000000	0.011999	0.000612	0.000636	0.000000	2.000000	0.000026
7.3760	0.000000	0.011908	0.000603	0.000626	0.000000	2.000000	0.000025
7.3920	0.000000	0.011817	0.000594	0.000616	0.000000	2.000000	0.000025
7.4080	0.000000	0.011728	0.000585	0.000606	0.000000	2.000000	0.000024
7.4240	0.000000	0.011639	0.000576	0.000597	0.000000	2.000000	0.000024
7.4400	0.000000	0.011550	0.000567	0.000587	0.000000	2.000000	0.000024
7.4560	0.000000	0.011463	0.000558	0.000578	0.000000	2.000000	0.000023
7.4720	0.000000	0.011376	0.000550	0.000569	0.000000	2.000000	0.000023
7.4880	0.000000	0.011289	0.000541	0.000560	0.000000	2.000000	0.000023
7.5040	0.000000	0.011203	0.000533	0.000551	0.000000	2.000000	0.000022
7.5200	0.000000	0.011118	0.000525	0.000542	0.000000	2.000000	0.000022
7.5360	0.000000	0.011034	0.000517	0.000533	0.000000	2.000000	0.000022
7.5520	0.000000	0.010950	0.000509	0.000525	0.000000	2.000000	0.000021
7.5680	0.000000	0.010866	0.000501	0.000517	0.000000	2.000000	0.000021
7.5840	0.000000	0.010783	0.000493	0.000508	0.000000	2.000000	0.000021
7.6000	0.000000	0.010701	0.000486	0.000500	0.000000	2.000000	0.000020
7.6160	0.000000	0.010620	0.000478	0.000492	0.000000	2.000000	0.000020
7.6320	0.000000	0.010539	0.000471	0.000485	0.000000	2.000000	0.000020
7.6480	0.000000	0.010458	0.000464	0.000477	0.000000	2.000000	0.000019
7.6640	0.000000	0.010379	0.000457	0.000469	0.000000	2.000000	0.000019
7.6800	0.000000	0.010299	0.000450	0.000462	0.000000	2.000000	0.000019
7.6960	0.000000	0.010221	0.000443	0.000455	0.000000	2.000000	0.000018
7.7120	0.000000	0.010143	0.000436	0.000447	0.000000	2.000000	0.000018
7.7280	0.000000	0.010065	0.000429	0.000440	0.000000	2.000000	0.000018
7.7440	0.000000	0.009988	0.000423	0.000433	0.000000	2.000000	0.000018
7.7600	0.000000	0.009912	0.000416	0.000426	0.000000	2.000000	0.000017
7.7760	0.000000	0.009836	0.000410	0.000420	0.000000	2.000000	0.000017
7.7920	0.000000	0.009761	0.000403	0.000413	0.000000	2.000000	0.000017
7.8080	0.000000	0.009686	0.000397	0.000406	0.000000	2.000000	0.000016
7.8240	0.000000	0.009612	0.000391	0.000400	0.000000	2.000000	0.000016
7.8400	0.000000	0.009538	0.000385	0.000394	0.000000	2.000000	0.000016
7.8560	0.000000	0.009465	0.000379	0.000387	0.000000	2.000000	0.000016
7.8720	0.000000	0.009393	0.000373	0.000381	0.000000	2.000000	0.000015
7.8880	0.000000	0.009321	0.000367	0.000375	0.000000	2.000000	0.000015
7.9040	0.000000	0.009249	0.000362	0.000369	0.000000	2.000000	0.000015
7.9200	0.000000	0.009178	0.000356	0.000363	0.000000	2.000000	0.000015
7.9360	0.000000	0.009108	0.000351	0.000358	0.000000	2.000000	0.000014
7.9520	0.000000	0.009038	0.000345	0.000352	0.000000	2.000000	0.000014
7.9680	0.000000	0.008969	0.000340	0.000346	0.000000	2.000000	0.000014
7.9840	0.000000	0.008900	0.000335	0.000341	0.000000	2.000000	0.000014
8.0000	0.000000	0.008831	0.000330	0.000335	0.000000	2.000000	0.000014
